10
100
1000
1001
1002
1003
1004
1005
1006
1007
1009
101
1010
1011
1012
1013
1014
1015
1016
1017
1018
1019
102
1020
1021
1022
1023
1024
1025
1026
1027
1028
1029
103
1031
1036
1037
1038
1039
104
1040
1041
1042
1043
1044
1045
1046
1047
1048
1049
105
1050
1051
1052
1053
1054
1055
1056
1057
1058
1059
106
1060
1061
1062
1064
1065
1066
1067
1068
1069
107
1070
1071
1072
1073
1074
1075
1076
1077
1078
1079
108
1080
1081
1082
1083
1084
1085
1086
1087
1088
1089
109
1090
1091
1092
1093
1094
1095
1096
1097
1098
1099
11
110
1100
1101
1102
1103
1104
1105
1106
1107
1108
1109
111
1110
1111
1112
1113
1114
1115
1116
1117
1118
1119
112
1120
1121
1122
1124
1125
1126
1127
1128
1129
113
1130
1131
1132
1133
1134
1135
1136
1137
1138
114
1140
1141
1142
1143
1144
1145
1146
1147
1148
1149
115
1150
1151
1152
1153
1154
1156
1157
116
117
1173
1174
1175
1176
1177
1178
1179
118
1180
1182
1183
1184
1185
1186
1187
1188
1189
119
1190
1191
1192
1193
1194
1195
1196
1197
1198
1199
12
120
1200
1202
1206
1207
121
1210
1211
1212
1213
1214
1215
1216
1217
1218
1219
122
1220
1221
1222
1223
1224
1225
1226
1227
1228
1229
123
1230
1231
1232
1233
1234
1235
1236
1237
1238
1239
124
1240
1241
1242
1243
1245
1246
1247
1248
1249
125
1250
1251
1252
1253
1254
1255
1256
1258
1259
126
1260
1261
12612
12614
12616
12618
1262
12620
12621
12624
1263
1264
1265
1266
1267
1268
1269
127
1270
1271
1272
1273
1275
1276
1277
1278
1279
128
1281
1282
1283
1284
1285
1286
1287
1288
1289
129
1290
1291
1293
1294
1295
1296
1297
1298
1299
13
130
1300
1301
1302
1303
1304
1305
1306
1307
1308
1309
131
1310
1312
1313
1314
1315
1316
1317
1318
132
1320
13200
13201
13202
13203
13204
13205
13206
13207
13208
13209
1321
13210
13211
13212
13213
13214
13215
13216
13217
1322
1323
1325
1326
1327
1328
1329
133
1330
1333
1334
1335
1336
1337
1338
1339
134
1340
1341
1342
1343
1344
135
1355
1356
1357
1358
1359
136
1360
1361
1362
1363
1364
1365
1366
1367
1368
1369
137
1370
138
1386
1387
1388
1389
139
1390
1392
1393
1394
1395
1396
1397
1398
1399
14
140
1400
1401
1402
1403
1404
1405
1406
1407
1408
1409
141
1410
1411
1412
1413
1414
1415
1416
1417
1418
1419
142
1420
1421
1422
1423
1424
1425
1426
1428
1429
143
1430
1431
1432
1433
1434
1436
1437
1438
1439
144
1440
1441
1442
1443
1444
1445
1446
1447
1448
1449
145
1450
1451
1452
1453
1454
1455
1456
1457
1458
1459
146
1460
1461
1462
1463
1464
1465
1466
147
1470
1471
1472
1474
1475
1476
1477
1478
1479
148
1480
1481
1483
1484
1485
1486
1488
1489
149
1490
1496
1497
15
150
1502
1503
1504
1505
1506
1507
1508
1509
151
1510
1511
1512
1513
1515
1517
1519
152
1522
1524
1525
1526
1527
1528
1529
153
1530
1532
154
1541
1542
1543
1544
1545
1546
1547
1548
1549
155
1550
1551
1552
1553
1554
1555
1556
1557
1558
1559
156
1560
1562
1563
1564
1565
1566
1567
1568
1569
157
1570
1571
1572
1573
1574
1575
1576
1577
1578
1579
158
1580
1581
1582
1583
1584
1585
1586
1587
1588
1589
159
1590
1591
1592
1593
15937
15938
15939
1594
15940
15941
15942
15943
15944
15945
15946
15947
15948
15949
1595
15950
15951
15952
15953
15954
15955
15956
15957
15958
15959
1596
15960
15961
15962
15963
15964
15965
15966
15967
15968
15969
1597
15970
15971
15972
15973
15974
15975
15976
15977
15978
15979
1598
15980
15981
15982
15983
15984
15985
15986
15987
15988
15989
1599
15990
15991
15992
15993
15994
15995
15996
15997
15998
15999
16
160
1600
16000
16002
16003
16004
16005
16006
16007
16008
16009
1601
16010
16011
16012
16013
16014
16015
16016
16017
16018
16019
1602
16020
16021
16022
16023
16024
16025
16026
16027
16028
16029
1603
16030
16031
16032
16033
16034
16035
16036
16037
16038
16039
1604
1605
1606
1607
1608
1609
161
1610
1611
1612
1613
1614
1615
1616
1617
1618
1619
162
1620
1621
1622
1623
1624
1625
1626
1627
1628
1629
163
1630
1631
1632
1633
1634
1635
1636
1637
1638
1639
164
1640
1641
1642
1643
1644
1645
1646
1647
1648
1649
165
1650
1651
1652
1653
1654
1655
1656
1657
1658
1659
166
1660
1661
1662
1663
1666
1668
1669
167
1670
1672
1674
1675
1676
1677
1678
168
1680
1681
1682
1684
1689
169
1690
1691
1692
1693
1694
1695
1696
1697
1698
1699
17
170
1700
1701
1702
1703
1704
1706
1707
1708
1709
171
1710
1711
1712
1713
1714
1715
1716
1717
172
1721
1722
1723
1724
1725
1726
1727
1728
173
1732
1733
1734
1735
1736
1737
1738
174
1741
1742
1743
1744
1745
1746
1747
1749
175
1750
1751
1752
1753
1754
1755
1756
1757
1758
176
1760
1762
1764
1765
1766
1767
1768
1769
177
1770
1771
1772
1773
178
1783
1788
1789
179
1790
1791
1792
1793
1795
1796
1797
1798
1799
18
180
1800
1803
1804
1805
1806
1807
1808
1809
181
1810
1811
1812
1813
1814
1815
1816
1817
1818
1819
182
1820
1821
183
18326
18327
18328
18329
18330
18332
18333
18334
18335
18336
18337
18338
18339
18340
18341
18342
18343
18344
18345
18346
18349
18350
18351
18352
18353
18358
18359
18360
18361
18367
18368
18371
18375
18376
18377
18378
18379
18380
18381
18382
18383
18384
18385
18386
18387
18388
18389
18390
18391
18392
18393
18394
18395
18396
18397
18398
18399
184
18400
18401
18402
18403
18404
18405
18406
18407
18408
18409
18410
18411
18412
18413
18414
1847
1848
1849
185
1850
1851
1852
1853
1854
1855
1856
1857
1858
1859
186
1860
1861
1862
1864
1866
1867
1868
1869
187
1871
1872
1873
1875
1876
1877
1878
1879
188
1880
1885
189
1890
1891
1892
1893
1895
1896
1897
19
190
1902
1903
1904
1906
1907
1908
1909
191
1910
1911
1914
1915
1916
1917
1918
1919
192
1920
1921
1922
1923
1924
1925
1926
1927
1928
1929
193
1930
1931
1932
1934
1935
1936
1937
1938
1939
194
1940
1941
1942
1943
1944
1946
1947
1949
195
1950
1951
1952
1953
1954
1955
1956
1957
1958
1959
196
1960
1961
1962
1963
1964
1965
1966
1967
1968
1969
197
1970
1971
1972
1973
1974
1975
1976
1977
1978
1979
198
1980
1981
1982
1983
1984
1985
1986
1987
1988
1989
199
1990
1991
1992
1993
1994
1995
1996
1997
1998
1999
2
20
2000
2001
2002
2003
2004
2005
2006
2007
2008
2009
201
2010
2011
2012
2013
2014
2015
2016
2017
2018
2019
202
2020
2021
2022
2023
2024
2025
2026
2027
2028
2029
203
2030
2031
2032
2033
2034
2035
2036
2037
2038
2039
204
2040
2041
2042
2043
2044
2045
2049
205
2050
2051
2058
2059
206
2060
2061
2062
2063
2064
2065
2066
2067
2068
2069
207
2070
2071
2072
2073
2074
2075
2076
2077
2078
2079
208
2080
2081
2082
2083
2084
2086
2087
209
2093
2094
2095
2096
2097
2098
2099
21
210
2100
2101
2102
2103
2104
2105
2106
2107
2108
2109
211
2110
2111
2112
2113
2114
2115
2116
2117
2118
2119
212
2120
2121
2122
2123
2124
2125
2126
2127
2128
2129
213
2130
2131
2132
2133
2134
2135
2136
2137
2138
2139
214
2140
2141
2142
2143
2144
2145
2149
215
2150
2151
2152
2153
2154
2155
2156
2157
2158
2159
216
2160
2161
2162
2163
2164
2165
2166
2167
2168
2169
217
2170
2171
2172
2173
2174
2175
2176
218
2187
2188
2189
219
2190
2191
2192
2193
2194
2195
2196
2198
2199
22
220
2200
2201
2202
2203
2204
2205
2206
2207
2208
2209
221
2210
2211
2212
2213
2214
2215
2216
2217
2218
2219
222
2220
2221
2222
2223
2224
2225
2226
2227
2228
2229
223
2230
2231
2232
2233
2235
2236
2237
2238
2239
224
2240
2241
2242
2243
2244
2245
2246
2247
2248
2249
225
2250
2251
2252
2253
2254
2255
2256
2257
2258
2259
226
2260
2261
2262
2263
2264
2265
2266
2267
2268
2269
227
2270
2271
2272
2273
2274
2275
2276
2277
2278
2279
228
2280
2281
2282
2283
2284
2285
2286
2287
2288
2289
229
2290
2291
2292
2293
2294
2295
2296
2298
2299
23
230
2300
2301
2302
2303
2304
2305
2306
2307
2308
2309
231
2310
2311
2312
2313
2314
2315
2316
2317
2318
2319
2320
2321
2322
2323
2324
2325
2326
2327
2328
2329
233
2330
2331
2332
2333
2334
2335
2336
2337
2338
2339
234
2340
2341
2342
2343
2344
2345
2346
2347
2348
2349
235
2350
2351
2352
2353
2354
2355
2356
2357
2358
2359
236
2360
2361
2362
2363
2364
2365
2366
2367
2368
2369
237
2370
2371
2372
2373
2374
2375
2376
2377
2378
2379
238
2380
2381
2382
2383
2384
2385
2386
2387
2388
2389
239
2391
2392
2393
2394
2395
2396
2398
2399
24
240
2400
2402
2404
2405
2407
2408
2409
241
2410
2411
2412
2413
2415
2416
2417
242
2421
2422
2423
2424
2425
2426
2427
2428
2429
243
2434
24344
24345
24346
24347
24349
2435
24350
24351
24352
24353
24354
24355
24356
24357
24358
24359
2436
24360
24361
24362
24363
24365
24366
24367
24368
24369
2437
24370
24371
24372
24373
24374
24375
24376
24377
24379
2438
24380
24382
24385
24386
24387
24388
24389
2439
24390
24391
24392
24393
24394
24395
24396
24397
24398
24399
244
2440
24400
24401
24402
24403
24404
24405
24406
24407
24408
24409
2441
24410
24411
24412
24413
24414
24415
24416
24417
24418
24419
2442
24420
24421
24422
24423
24424
24425
24426
24427
24428
24429
2443
24431
24432
24433
24434
24435
24436
24437
24438
24439
2444
24440
24441
24442
24443
24444
24448
24449
2445
24451
24452
24453
24454
24455
24456
24457
2446
2447
2448
2449
245
2450
2451
2452
2453
2454
2455
2456
2457
2458
2459
246
2460
2461
2462
2463
2464
2465
2466
2467
2468
2469
247
2470
2471
2472
2473
2474
2475
2476
2477
2478
2479
248
2480
2481
2482
2483
2484
2485
2486
2487
2488
2489
249
2490
2491
2492
2493
2494
2495
2496
2497
2498
25
250
2500
2501
2502
2503
2504
2505
2506
2507
2508
2509
251
2510
2511
2512
2513
2514
2515
2517
2518
2519
252
2521
2522
2523
2524
2525
2526
253
2531
2532
2533
2534
2535
2536
2537
2538
2539
254
2540
2541
2542
2543
2544
2545
2547
2548
2549
255
2550
2551
2552
2553
2554
2555
2556
2557
2558
2559
256
2560
2561
2562
2563
2564
2565
2566
2567
2568
2569
257
2570
2571
2572
2573
2574
2575
2577
2578
2579
258
2580
2581
2582
2583
2584
2585
2587
2588
2589
259
2590
2591
2592
2595
2597
2598
2599
26
260
2600
2603
2604
2605
2606
2607
2608
2609
261
2610
2611
2612
2613
2614
2615
2616
2617
2618
2619
262
2620
2621
2622
2623
2624
2625
2626
2627
2628
2629
263
2630
2631
2632
2633
2634
2635
2636
2637
2638
264
2640
2641
2642
2643
2644
2645
2646
2648
265
2650
2651
2652
2653
2654
2655
2656
2657
2658
2659
266
2660
2661
2662
2663
2664
2665
2667
2668
2669
267
2670
2671
2672
2673
2674
2675
2676
2677
2678
2679
268
2680
2681
2682
2684
2685
2686
2687
2688
2689
269
2690
2691
2692
2693
2694
2695
2698
2699
27
270
2700
2701
2702
2703
2704
2705
2706
2707
2708
2709
271
2710
2711
2712
2713
2714
2715
2716
2717
2718
2719
272
2720
2721
2722
2723
2724
2725
2726
2727
2728
2729
273
2730
2731
2732
2733
2734
2735
2736
2737
2738
2739
274
2740
2741
2742
2743
2744
2745
2746
2747
2748
2749
275
2750
2751
2752
2753
2754
2755
2756
2757
2758
2759
276
2760
2761
2762
2763
2764
2765
2766
2767
2768
2769
277
2770
2771
2772
2773
2774
2775
2776
2777
2778
2779
278
2780
2781
2782
2783
2784
2785
2786
2787
2788
2789
279
2790
2791
2792
2793
2794
2795
2796
2797
2798
2799
28
280
2800
2801
2802
2803
2804
2805
2806
2807
2808
2809
281
2810
2811
2812
2813
2814
2815
2816
2817
2818
2819
282
2820
2821
2822
2823
2824
2825
2826
2827
2828
2829
283
2830
2831
2832
2833
2834
2835
2836
2837
2838
2839
284
2840
2841
2842
2843
2844
2845
2846
2847
2848
2849
285
2850
2851
2852
2853
2854
2855
2856
2857
2858
2859
286
2860
2861
2862
2863
2864
2865
2866
2867
2868
2869
287
2870
2871
2872
2873
2874
2875
2876
2877
2878
2879
288
2880
2881
2882
2883
2884
2885
2886
2887
2888
2889
289
2890
2891
2892
2893
2894
2895
2896
2897
2898
2899
29
290
2900
2901
2902
2903
2904
2905
2906
2907
2908
2909
291
2910
2911
2912
2913
2914
2915
2916
2917
2918
2919
292
2920
2921
2922
2923
2924
2925
2926
2927
2928
2929
293
2931
2932
2933
2934
2936
2937
2938
2939
294
2940
2941
2942
2943
2944
2945
2946
2947
2948
2949
295
2950
2951
2952
2953
2954
2955
2956
2957
2958
2959
296
2960
2961
2962
2963
2964
2965
2966
2967
2968
2969
297
2970
2971
2972
2973
2974
2975
2976
2977
2978
2979
298
2980
2981
2982
2983
2984
2985
2986
2987
2988
2989
299
2990
2991
2992
2993
2994
2995
2996
2997
2998
2999
30
300
3000
3001
3002
3003
3004
3005
3006
3007
3008
3009
301
3010
3011
3012
3013
3014
3015
3016
3017
3018
3019
302
3020
3021
3022
3023
3024
3025
3026
3027
3028
3029
303
3031
3032
3033
3036
3037
3038
3039
304
3040
3041
3042
3043
3044
3045
3046
3047
3048
3049
305
3050
3051
3052
3053
3054
3055
3056
3057
3058
3059
306
3060
3061
3062
3063
3064
3065
3066
3067
3068
3069
307
3070
3071
3072
3073
3074
3075
3076
3077
3078
3079
308
3080
3081
3082
3083
3084
3085
3086
3087
3088
3089
309
3090
3091
3092
3093
3094
3095
3096
3097
3098
3099
31
310
3100
3101
3102
3103
3104
3105
3106
3107
3108
3109
311
3110
3111
3112
3113
3114
3115
3116
3117
3118
3119
312
3120
3121
3122
3123
3124
3125
3126
3127
3128
3129
313
3130
3131
3132
3133
3134
3135
3136
3137
3138
3139
314
3140
3141
3142
3143
3144
3145
3146
3147
3148
3149
315
3150
3151
3152
3153
3154
3155
3156
3157
3158
3159
316
3160
3161
3162
3163
3164
3165
3166
3167
3168
3169
317
3170
3171
3172
3173
3174
3175
3176
3177
3178
3179
318
3180
3181
3182
3183
3184
3185
3186
3187
3188
3189
319
3190
3191
3192
3193
3194
3195
3196
3197
3198
3199
32
320
3200
3201
3202
3203
3204
3205
3206
3207
3208
3209
321
3210
3211
3212
3213
3216
3217
3218
3219
322
3220
3221
3222
3223
3224
3225
3226
3227
3228
3229
323
3230
3231
3232
3233
3234
3235
3236
3237
3238
3239
324
3240
3241
3244
3245
3246
3247
3248
3249
325
3250
3251
3252
3253
3254
3255
3256
3257
3258
3259
326
3260
3261
3262
3263
3264
3265
3266
3267
3268
3269
327
3270
3271
3272
3273
3274
3275
3276
3277
3278
3279
328
3280
3281
3282
3283
3284
3285
3286
3287
3288
3289
329
3290
3291
3292
3293
3294
3295
3296
3297
3298
3299
33
330
3300
3301
3303
3304
3305
3308
3309
331
3310
3311
3312
3313
3315
3317
3318
33184
33185
33186
33187
33188
33189
3319
33190
33191
33192
33193
33194
33195
33197
33198
33199
332
3320
33200
33201
33202
33203
33204
33205
33206
33207
33208
33209
3321
33210
33211
33212
33213
33214
33215
33216
33217
33218
3322
33221
33222
33223
33225
33226
33227
33228
33229
3323
3324
3325
3326
3328
3329
333
3330
3331
3332
3333
3334
3335
3336
3337
3338
3339
334
3340
3342
3343
3344
3345
3346
3347
3348
3349
335
3350
3351
3352
3353
3354
3355
3356
3357
3358
3359
336
3367
3368
3369
337
3370
3371
3372
3373
3374
3375
3376
3377
3378
3379
338
3380
3381
3386
3387
3388
3389
339
3390
3391
3392
3393
3394
3395
3396
3397
3399
34
340
3400
3401
3402
3403
3404
3405
3406
3407
3408
3409
341
3410
3411
3412
3413
3414
3415
3416
3417
3418
3419
342
3420
3421
3423
3424
3425
3426
3427
3428
3429
343
3430
3431
3432
3433
3434
3435
3436
3437
3438
3439
344
3440
3441
3442
3443
3444
3445
3446
3447
3448
3449
345
3450
3451
3452
3453
3454
3455
3456
3457
3458
3459
346
3460
3461
3462
3463
3464
3465
3466
3467
3468
3469
347
3470
3471
3472
3473
3474
3475
3476
3477
3478
3479
348
3480
3481
3482
3483
3484
3485
3486
3487
3488
3489
349
3490
3491
3492
3493
3494
3495
3496
3497
3498
3499
35
350
3500
3501
3502
3503
3505
3506
3507
3508
351
3510
3511
3512
3513
3514
3515
3516
3517
3518
3519
3520
3521
3522
3523
3524
3525
3527
3528
3529
353
3530
3531
3532
3533
3534
3536
3537
3538
3539
354
3540
3541
3542
3543
3544
3545
3547
3548
3549
355
3551
3552
3553
3554
3555
3556
3557
356
3565
357
3576
3577
3578
3579
358
3580
3581
3582
3583
3585
3586
3587
359
3590
3591
3594
3595
3596
3597
3598
3599
36
360
3600
3601
3602
3603
3606
3607
3608
3609
361
3610
3611
3612
3613
3614
3615
3616
3617
3618
3619
362
3620
3621
3622
3625
3626
3627
3628
3629
363
3630
3631
3632
3633
3634
3635
3636
3637
3638
3639
364
3640
3641
3642
3643
3644
3645
3646
3647
3648
3649
365
3650
3651
3652
3653
3654
3655
3656
3657
3658
3659
366
3660
3661
3662
3663
3664
3665
3666
3667
3668
3669
367
3670
3671
3672
3673
3674
3675
3676
3677
3678
3679
368
3680
3681
3682
3683
3684
3685
3686
3687
3688
3689
369
3690
3691
3692
3693
3694
3695
3696
3697
3698
3699
37
370
3700
3701
3702
3703
3704
3705
3706
3707
3708
3709
371
3710
3711
3712
3713
3714
3715
3716
3717
3718
3719
372
3720
3721
3722
3723
3724
3725
3726
3727
3728
3729
373
3730
3731
3732
3733
3734
3735
3736
3737
3738
3739
374
3740
3741
3742
3743
3744
3745
3746
3747
3748
3749
3750
3751
3752
3753
3754
3755
3756
3757
3758
3759
376
3760
3761
3762
3763
3764
3765
3766
3767
3768
3769
377
3770
3771
3772
3773
3774
3775
3776
3777
3778
3779
378
3780
3781
3782
3783
3784
3785
3786
3787
3788
3789
379
3790
3791
3792
3793
3794
3795
3796
3797
3798
3799
38
380
3800
3801
3802
3803
3804
3805
3806
3807
3808
3809
381
3810
3811
3812
3813
3814
3815
3816
3817
3818
3819
382
3820
3821
3822
3823
3824
3825
3826
3827
3828
3829
383
3830
3831
3832
3833
3834
3835
3836
3837
3838
3839
384
3840
3841
3842
3843
3844
3845
3846
3847
3848
3849
385
3850
3851
3852
3853
3854
3855
3856
3857
3858
3859
386
3860
3861
3862
3863
3864
3865
3866
3867
3868
3869
387
3870
3871
3872
3873
3874
3875
3876
3877
3878
3879
388
3880
3881
3882
3883
3884
3885
3886
3887
3888
3889
389
3890
3891
3892
3893
3894
3895
3896
3897
3898
3899
39
390
3900
3901
3902
3903
3904
3905
3906
3907
3908
3909
391
3910
3911
3912
3913
3914
3915
3916
3917
3918
3919
392
3920
3921
3922
3923
3924
3925
3926
3927
3928
3929
393
3930
3931
3932
3933
3934
3935
3936
3937
3938
3939
394
3940
3941
3942
3943
3944
3945
3946
3947
3948
3949
395
3950
3951
3952
3953
3954
3955
3956
3957
3958
3959
396
3960
3961
3962
3963
3964
3965
3966
3967
3968
3969
397
3970
3971
3972
3973
3974
3975
3976
3977
3978
3979
398
3980
3981
3982
3983
3984
3985
3986
3987
3988
3989
399
3990
3991
3992
3993
3994
3995
3996
3997
3998
3999
4
40
400
4000
4001
4002
4003
4004
4005
4006
4007
4008
4009
401
4010
4011
4012
4013
4014
4015
4016
4017
4018
4019
4020
4021
4022
4023
4024
4025
4026
4027
4028
4029
4030
4031
4032
4033
4034
4035
4036
4037
4038
4039
404
4040
4041
4042
4043
4044
4045
4046
4047
4048
4049
405
4050
4051
4052
4053
4054
4055
4057
4058
4059
4060
4061
4062
4063
4064
4065
4067
4069
407
4070
4071
4072
4073
4075
4076
4077
4078
4079
408
4080
4081
4082
4083
4084
4085
4086
4087
4088
4089
409
4090
4091
4092
4093
4094
4095
4096
4097
4098
4099
41
410
4100
4101
4102
4103
4104
4105
4106
4107
4108
4109
411
4110
4111
4112
4113
4114
4115
4116
4117
4118
4119
412
4120
4121
4122
4123
4124
4125
4126
4127
4128
4129
413
4130
4131
4132
4133
4134
4135
4136
4137
4138
4139
414
4140
4141
4142
4143
4144
4145
4146
4147
4148
4149
415
4150
4151
4152
4153
4154
4155
4156
4157
4158
4159
416
4160
4161
4162
4163
4164
4165
4166
4167
4168
4169
417
4170
4171
4172
4173
4174
4175
4176
4177
4178
4179
418
4180
4181
4182
4183
4184
4185
4186
4187
4188
4189
419
4190
4191
4192
4193
4194
4195
4196
4197
4198
4199
42
420
4200
4201
4202
4203
4204
4205
4206
4207
4208
4209
421
4210
4211
4212
4213
42134
42135
42136
42137
42138
42139
4214
42140
42141
42142
42143
42144
42145
42146
42147
42148
42149
4215
42150
42151
42152
42153
42154
42155
42156
42157
42158
42159
4216
42160
42161
42162
42163
42164
42165
42166
42167
42168
42169
4217
42170
42171
42172
42173
42174
4218
42184
42185
42186
42187
42188
42189
4219
42190
42191
42192
42193
42194
42196
42197
42198
42199
422
4220
42200
42201
42202
42203
42204
42205
42206
42207
42208
42209
4221
42210
42212
42213
42214
42215
42216
42217
42218
42219
4222
42220
42221
42222
42223
42224
42225
42226
42227
42228
42229
4223
42230
42231
42232
42233
42237
42238
42239
4224
42240
42241
42242
42243
42244
42248
4225
42251
42252
42253
42254
42255
42256
42257
42258
42259
4226
42260
42261
42262
42263
42264
42265
42266
42267
42268
42269
4227
42270
42271
42272
42273
42274
42275
42276
42277
42278
42279
4228
42280
42281
42282
42283
42284
42285
42286
42289
4229
42290
42291
42292
42293
42294
42295
42296
42297
42298
42299
423
4230
42300
42301
42302
42303
42304
42305
42306
42307
42308
42309
4231
42310
42311
42312
42313
42314
42315
42316
42317
42318
42319
4232
42320
42321
42322
42323
42324
42325
42326
42327
42328
42329
4233
42330
42332
42333
42334
42335
42336
42337
42338
42339
4234
42340
42341
42342
42343
42344
42345
42346
42347
42348
42349
4235
42350
42351
42352
42353
42354
42355
42356
42357
42358
42359
4236
42360
42361
42362
42363
42364
42365
42366
42367
42368
42369
4237
42370
42371
42372
42373
42374
42375
42376
42377
42378
42379
4238
42380
42381
42382
42383
42384
42385
42386
42387
42388
42389
4239
42390
42391
42392
42393
42394
42395
42396
42397
42398
42399
424
4240
42400
42401
42402
42403
42404
42405
42406
42407
42408
42409
4241
42410
42411
42412
42413
42414
42415
42416
42417
42418
42419
4242
42420
42421
42422
42423
42424
42425
42426
42427
42428
42429
4243
42430
42431
42432
42433
42434
42435
42436
42437
42438
42439
4244
42440
42441
42442
42443
42444
42445
42446
42448
42449
4245
42450
42451
42452
42453
42454
42455
42456
42457
42458
42459
4246
42460
42461
42462
42463
42464
42465
42466
42467
42468
42469
4247
42470
42471
42472
42473
42474
42475
42476
42477
42478
42479
4248
42480
42481
42482
42483
42484
42485
42486
42487
42488
42489
4249
42490
42491
42492
42493
42494
42495
42496
42497
42498
42499
425
4250
42500
42501
42502
42503
42504
42505
42506
42507
42508
42509
4251
42510
42511
42512
42513
42514
42515
42516
42517
42518
42519
4252
42520
42521
42522
42523
42524
42525
42526
42527
42528
42529
4253
42530
42531
42532
42533
42534
42535
42536
42537
42538
42539
4254
42540
42541
42542
42543
42544
42545
42546
42547
42548
42549
42550
42551
42552
42553
42554
42555
42556
42557
42558
42559
42560
42561
42562
42563
42564
42565
42566
42567
42568
42569
42570
42571
42572
42573
42574
42575
42576
42577
42578
42579
42580
42581
42582
42583
42584
42585
42586
42587
42588
42589
42590
42591
42592
42593
42594
42595
42596
42597
42598
42599
426
4260
42600
42601
42602
42603
42604
42606
42607
42608
42609
4261
42610
42611
42613
42614
42615
42616
42617
42618
42619
4262
42620
42621
42622
42623
42624
42625
42626
42627
42628
42629
4263
42630
42631
42632
42633
42634
42635
42636
42637
42638
42639
4264
42640
42641
42642
42643
42644
42645
42646
42647
42648
42649
4265
42650
42651
42652
42653
42654
42655
42656
42657
42658
42659
4266
42660
42661
42662
42663
42664
42665
42666
42667
42668
42669
42670
42671
42672
42673
42674
42675
42676
42677
42678
42679
4268
42680
42681
42682
42683
42684
42685
42686
42687
42688
42689
4269
42690
42691
42692
42693
42694
42695
42696
42697
42698
42699
427
4270
42700
42701
42702
42703
42704
42705
42706
42707
42708
42709
4271
42710
42711
42712
42713
42714
42715
42716
42717
42718
42719
4272
42720
42721
42722
42723
42724
42725
42726
42727
42728
42729
4273
42730
42731
42732
42733
42734
42735
42736
42737
42738
42739
4274
42740
42741
42742
42743
42744
42745
42746
42747
42748
42749
4275
42750
42752
42753
42754
42755
42756
42757
42758
42759
4276
42761
42762
42763
42764
42765
42766
42767
42768
42769
4277
42773
4278
42789
4279
428
4280
42807
42808
42809
4281
42810
42811
42812
42813
42814
42815
42816
42817
42818
42819
4282
42820
42821
42822
42823
42824
42825
42826
42827
42828
42829
4283
42830
42831
42832
42833
42834
42835
42836
42837
42838
42839
4284
42840
42841
42842
42843
42844
42845
42847
42848
42849
4285
42850
42851
42852
42853
42854
42855
42856
42857
42858
42859
4286
42860
42861
42862
42863
42864
42865
42866
42867
42868
42869
4287
42870
42871
42872
42873
42874
42875
42876
42877
42878
42879
4288
42880
42881
42882
42883
42884
42885
42886
42887
42888
42889
4289
42890
42891
42892
42893
42894
42895
42896
42897
42898
42899
429
4290
42900
42901
42902
42903
42904
42905
42906
42907
42908
42909
4291
42910
42911
42912
42914
42915
42916
42917
42918
42919
4292
42920
42921
42922
42923
42924
42925
42926
42927
42928
42929
42930
42931
42932
42933
42934
42935
42936
42937
42938
42939
4294
42940
42941
42945
42946
42947
42948
42949
4295
42950
42951
42952
42953
42954
42955
42958
42959
4296
42960
42961
42963
42964
42965
42966
42967
42968
42969
4297
42970
42971
42972
42973
42974
42975
42977
42978
42979
4298
42980
42981
42982
42983
42984
42985
42986
42987
42988
42989
4299
42990
42991
42992
42993
42994
42995
42996
42997
42998
42999
43
430
4300
43000
43001
43002
43003
43004
43005
43006
43007
43008
43009
4301
43010
43011
43012
43013
43014
43015
43016
43017
43018
43019
4302
43020
43021
43022
43023
43024
43025
43026
43027
43028
43029
4303
43030
43031
43032
43034
43035
43036
43037
43038
43039
4304
43040
43041
43042
43043
43044
43045
43049
43050
43051
43056
43057
43058
4306
43061
43062
43063
43064
43065
43066
43067
43068
43069
4307
43070
43071
43072
43073
43074
43075
43076
43077
43078
43079
4308
43080
43081
43082
43083
43084
43085
43086
43087
43088
43089
4309
43090
43091
43092
43093
43094
43095
43096
43097
43098
43099
431
4310
43100
43101
43102
43103
43104
43105
43106
43107
4311
43115
43116
43117
43118
43119
4312
43120
43121
43122
43123
43124
43125
43126
43127
43128
43129
4313
43130
43131
43132
43133
43134
43135
43136
43137
43138
43139
4314
43140
43141
43142
43143
43144
43145
43146
43147
43148
43149
43150
43151
43152
43153
43154
43155
43156
43157
43158
43159
4316
43160
43161
43162
43163
43164
43165
43166
43167
43168
43169
4317
43170
43171
43172
43173
43174
43175
43176
43177
43178
43179
4318
43180
43181
43182
43183
43184
43185
43186
43187
43188
43189
4319
43190
43191
43192
43193
43194
43195
43196
43197
43198
43199
432
4320
43200
43201
43202
43203
43204
43205
43206
43207
43208
43209
4321
43210
43211
43212
43213
43214
43215
43216
43217
43218
43219
4322
43220
43221
43222
43223
43224
43225
43226
43227
43228
4323
43230
43238
43239
4324
43240
43241
43242
43243
43244
43245
43246
43247
43248
43249
4325
43250
43251
43252
43253
43254
43255
43256
43257
43258
43259
4326
43260
43261
43263
43264
43265
43266
43267
43268
43269
4327
43270
43272
43273
43274
43275
43276
43277
43278
43279
4328
43280
43281
43282
43283
43284
43285
43286
43287
43288
43289
4329
43290
43291
43293
43297
433
4330
4331
43311
43313
4332
4333
4336
43361
43362
43363
43364
43365
43366
43367
43368
43369
43370
43371
43373
43374
43375
43376
43377
4338
43380
43382
43383
43385
43386
43387
43388
4339
43390
43391
43392
43393
43394
43395
43396
43397
43398
43399
434
4340
43400
43401
43402
43403
43404
43405
43406
43407
43408
43409
4341
43410
43411
43412
43413
43414
43415
43417
43418
43419
4342
43420
43421
43422
43423
43425
43426
43427
43428
43429
4343
43430
43431
43432
43433
43434
43435
43436
43437
43438
43439
4344
43440
43441
43442
43443
43444
43445
43446
43447
43448
43449
4345
43450
43451
43452
43453
43454
43455
43456
43457
43458
43459
4346
43460
43461
43462
43463
43464
43465
43466
43467
43468
43469
4347
43470
43471
43472
43473
43474
43475
43476
43477
43478
43479
4348
43481
43482
43483
43484
43485
43486
43487
43488
43489
4349
43490
43491
43492
43494
43495
43496
43497
43498
43499
435
4350
43500
43501
43502
43503
43504
43505
43506
43507
43508
43509
4351
43510
43511
43512
43513
43514
43515
43516
43517
43518
43519
4352
43520
43522
43523
43524
43525
43526
43527
43528
43529
4353
43530
43531
43532
43533
43534
43535
43536
43537
43538
43539
4354
43540
43541
43542
43543
43544
43545
43546
43547
43548
4355
43550
43551
43552
43553
43554
43555
43556
43557
43558
43559
4356
43560
43561
43562
43563
43566
43567
43568
43569
4357
43570
43571
43572
43573
43574
43575
43576
43577
43578
43579
4358
43580
43581
43582
43583
43584
43585
43586
43587
43588
43589
4359
43590
43591
43592
43593
43594
43595
43596
43598
436
4360
43603
43605
43606
43607
43608
43609
4361
43615
43617
43618
43619
4362
43620
43621
43622
43623
43624
43625
43626
43627
43628
43629
4363
43630
43631
43632
43634
43635
43636
43637
43638
43639
4364
43640
43641
43642
43643
43644
43645
43646
43647
43648
43649
4365
43650
43651
43652
43653
43654
43655
43656
43657
43658
43659
4366
43660
43661
43662
43663
43664
43665
43666
43667
43668
43669
4367
43670
43672
43675
43676
43677
43678
43679
4368
43681
43682
43683
43684
43685
43686
43688
43689
4369
43690
43691
43692
43693
43694
43695
43696
43697
43698
43699
437
4370
43700
43701
43702
43703
43704
43705
43706
43707
43709
4371
43711
43712
43713
43714
43716
43717
43718
43719
4372
43720
43721
43722
43723
43724
43725
43726
43727
43728
43729
4373
43730
43731
43732
43733
43734
43735
43736
43737
43739
4374
43740
43743
43744
43745
43746
43747
43748
43749
4375
43750
43751
43752
43753
43754
43755
43756
43757
43758
43759
4376
43760
43761
43762
43763
43764
43765
43766
43767
43768
43769
4377
43770
43771
43772
43773
43774
43775
43776
43777
43778
43779
4378
43780
43782
43783
43784
43785
43787
43788
43789
4379
43790
43791
43792
43793
43794
43795
43796
43797
43798
43799
438
4380
43800
43801
43802
43804
43805
43807
4381
43810
43811
43812
43813
43814
43816
43820
43824
43825
43826
43827
43828
43829
43830
43831
43833
43834
43835
43836
43837
43838
43839
43840
43841
43846
43847
43848
43849
43850
43851
43852
43859
4386
43860
43861
43862
43863
43864
43865
43866
43867
43868
43869
4387
43870
43871
43872
43873
43874
43875
43876
43877
4388
439
4390
4391
4393
4394
4395
4396
4397
4398
4399
44
440
4400
4401
4402
4403
4404
4407
4408
4409
44090
441
4410
4411
4412
4413
4414
4415
4416
4417
4418
4419
442
4420
4421
4422
4423
4424
4425
4426
4427
4429
443
4430
44301
44302
44303
44304
44305
44306
44307
44308
44309
4431
44310
44311
44312
44313
44314
44315
44316
44317
44318
44319
44320
44321
44322
44323
44324
44325
44326
44327
44328
44329
4433
44330
44331
44332
44333
44334
44335
44336
44337
44338
44339
44340
44341
44342
44343
44344
44345
44346
44347
44348
44349
4435
44350
44351
44352
44353
44354
44355
44356
44357
44358
44359
4436
44360
44361
44362
44363
44364
44365
44366
44367
44368
44369
4437
44370
44371
44372
44373
44374
44375
44376
44377
44378
44379
4438
44380
44381
44382
44383
44384
44385
44386
44387
44388
44389
4439
44390
44391
44392
44393
44394
44395
44396
44397
44398
44399
444
4440
44400
44401
44402
44403
44404
44405
44406
44407
44408
44409
4441
44410
44411
44412
44413
44414
44415
44416
44417
44418
44419
4442
44420
44421
44422
44423
44426
44427
44428
44429
4443
44430
44431
44432
44433
44434
44435
44436
44437
44438
44439
4444
44440
44441
44442
44443
44444
44445
44446
44447
44448
44449
4445
44450
44451
44452
44453
44454
44455
44456
44457
44458
44459
4446
44460
44461
44462
44463
44464
44465
44466
44467
44468
44469
4447
44470
44471
44472
44473
44474
44475
44476
44477
44478
44479
4448
44480
44481
44482
44483
44484
44485
44486
44487
44488
44489
4449
44490
44491
44492
44493
44494
44495
44496
44497
44498
44499
445
4450
44500
44501
44502
44503
44504
44505
44506
44507
44508
44509
4451
44510
44511
44512
44513
44514
44515
44516
44517
44518
44519
4452
44520
44521
44522
44523
44524
44525
44526
44527
44528
44529
4453
44530
44531
44532
44533
44534
44535
44536
44537
44538
44539
4454
44540
44541
44542
44543
44544
44545
44546
44547
44548
44549
4455
44550
44551
44552
44553
44554
44555
44556
44557
44558
44559
4456
44560
44561
44562
44563
44564
44565
44566
44567
44568
44569
44570
44571
44572
44573
44574
44575
44576
44577
44578
44579
4458
44580
44581
44582
44583
44584
44585
44586
44587
44588
44589
4459
44590
44591
44592
44593
44594
44595
44596
44597
44598
44599
446
4460
44600
44601
44602
44603
44604
44605
44606
44607
44608
44609
4461
44610
44611
44612
44613
44614
44615
44616
44617
44618
44619
4462
44620
44621
44622
44623
44624
44625
44626
44627
44628
44629
44630
44631
44632
44633
44634
44635
44636
44637
44638
44639
4464
44640
44641
44642
44643
44644
44645
44646
44647
44648
44649
4465
44650
44651
44652
44653
44654
44655
44656
44657
44658
44659
4466
44660
44661
44662
44663
44664
44665
44666
44667
44668
44669
4467
44670
44671
44672
44673
44674
44675
44676
44677
44678
44679
4468
44680
44681
44682
44683
44684
44685
44686
44687
44688
44689
4469
44690
44691
44692
44693
44694
44695
44696
44697
44698
44699
447
4470
44700
44701
44702
44703
44704
44705
44706
44707
44708
44709
4471
44710
44711
44712
44713
44714
44715
44716
44717
44718
44719
4472
44720
44721
44722
44723
44724
44725
44726
44727
44728
44729
4473
44730
44731
44732
4474
44742
44743
44744
44745
44746
44747
44748
44749
4475
44750
44751
44752
44753
44754
44755
44756
44757
44758
44759
4476
44760
44761
44762
44763
44764
44767
4477
44774
44776
44777
44778
44779
4478
44780
44781
44782
44783
44784
44785
44787
4479
44795
448
4480
4481
44810
44811
44812
44813
44814
44815
44816
44817
44818
44819
4482
44820
44821
44822
44823
44824
44825
44826
44827
44828
44829
44830
44831
44832
44833
44834
44835
44836
44837
44838
44839
4484
44840
44841
44842
44843
44844
44845
44846
44847
44848
44849
4485
44850
44851
44852
44853
44854
44855
44856
44857
44858
44859
4486
44860
44861
44862
44863
44864
44865
44866
44867
44868
44869
4487
44870
44871
44872
44873
44874
44875
44876
44877
44878
44879
4488
44880
44881
44882
44883
44884
44885
44886
44887
44888
44889
4489
44890
44891
44892
44893
44894
44895
44896
44897
44898
44899
449
4490
44900
44901
44902
44904
44905
44906
44907
44908
44909
4491
44910
44911
44912
44913
44914
44915
44916
44917
44919
4492
44920
44921
44922
44923
44924
44925
44926
44927
44928
44929
4493
44930
44931
44932
44933
44934
44935
44936
44937
44938
44939
4494
44940
44941
44942
44943
44944
44945
44946
44947
44948
44949
4495
44950
44951
44952
44953
44954
44955
44956
44957
44958
44959
4496
44960
44961
44962
44963
44964
44965
44966
44967
44968
44969
4497
44970
44971
44972
44973
44974
44975
44976
44977
44978
44979
4498
44980
44981
44982
44983
44984
44985
44986
44987
44988
44989
4499
44990
44991
44992
44993
44994
44995
44996
44997
44998
44999
45
450
45000
45001
45002
4501
4502
45021
4503
45030
45031
45032
45033
45034
45035
45036
45037
45038
45039
4504
45040
45041
45042
45043
45044
45045
45046
45047
45048
45049
4505
45050
45051
45052
45053
45054
45055
45056
45057
45058
45059
4506
45060
45061
45062
45063
45064
45065
45066
45067
45068
4507
45078
45079
4508
45080
45081
45082
45083
45084
45085
45086
45087
45088
45089
4509
45090
45091
45092
45093
45094
45095
45096
45097
45099
451
4510
45100
45101
45102
45103
45104
45105
45106
45107
45108
45109
4511
45110
45111
45112
45113
45117
45118
45119
4512
45120
45121
45122
45129
45130
45131
45132
45133
45134
45135
45136
45137
45138
45139
4514
45140
45141
45142
45143
45144
45145
45146
45147
45148
45149
4515
45154
45155
45156
45157
45158
45159
4516
45160
45161
45162
45163
45164
45165
45166
45167
45169
4517
45170
45171
45172
45173
45174
45175
45176
45177
45178
4518
45180
45181
45182
45183
45185
45186
45187
45188
45189
4519
45190
45191
45192
45193
45194
45195
45196
45197
452
4520
45201
45207
45208
45209
4521
45210
45211
45212
45213
45214
45215
45216
45217
45218
45219
4522
45220
45221
45222
45223
45224
45225
45229
4523
45230
45231
45237
45238
45239
4524
45240
45241
45242
45243
45244
45245
45247
45249
4525
45250
45251
45252
45253
45254
45255
45256
45257
45269
4527
45270
45271
45272
45276
45278
45279
4528
45280
45281
45282
45283
45284
45285
45286
45287
45288
45289
4529
45290
45291
45292
45293
45294
45295
45296
45297
45298
45299
453
4530
45300
45301
45305
45306
45307
45308
45309
4531
45310
45311
45312
45313
45314
45315
45316
45317
45318
45319
4532
45320
45321
45322
45323
45324
45325
45326
45327
45328
45329
4533
45330
45331
45332
45333
45334
45335
45336
45337
45338
45339
4534
45340
45341
45342
45343
45344
45345
45346
45347
45348
45349
4535
45350
45351
45352
45353
45354
45355
45356
45357
45358
45359
4536
45360
45361
45362
45363
45364
45365
45366
45367
45368
45369
4537
45370
45371
45372
45373
45374
45375
45376
45377
45378
45379
4538
45381
45384
45385
45386
45387
45389
4539
45390
45391
45395
45396
45397
45399
454
4540
45400
45401
45402
45403
45404
45405
45406
45407
45408
45409
4541
45410
45411
45412
45413
45414
45415
45416
45417
45418
45419
4542
45420
45421
45422
45423
45424
45425
45426
45427
45428
45429
4543
45430
45431
45432
45433
45434
45435
45436
45437
45438
45439
4544
45440
45442
45443
45444
45445
45446
45447
45448
45449
4545
45450
45451
45452
45453
45454
45455
45457
45458
4546
45460
45461
45462
45463
45464
45465
45466
45467
45468
45469
4547
45470
45471
45472
45473
45474
45475
45476
45478
45479
4548
45480
45481
45482
45483
45484
45485
45486
45488
45489
4549
45490
45491
45492
45493
45494
45495
45496
45497
45498
45499
455
4550
45500
45501
45502
45503
45504
45505
45506
45507
45508
45509
4551
45510
45511
45513
45514
45515
45516
4552
45520
45521
45522
45523
45524
45525
45526
45527
45528
45529
4553
45530
45531
45532
45533
45534
45535
45536
45537
45538
45539
4554
45540
45541
45542
45543
45544
45545
45546
45547
45548
45549
4555
45550
45551
45552
45553
45554
45555
45556
45557
45558
45559
4556
45560
45561
45562
45563
45564
45565
45566
45567
4557
45571
45572
45576
4558
45583
4559
45590
45591
45592
45595
45597
456
4560
45600
45604
45609
4561
45616
45617
45618
45619
4562
45620
45621
45622
45623
45624
45625
45627
45628
45629
4563
45630
45631
45632
45633
45634
45635
45636
45639
4564
45641
45642
45643
45644
45645
45646
45648
45649
4565
45650
45651
45652
45653
45654
45655
45656
45657
45658
45659
45660
45663
45664
45665
45667
45668
45670
45671
45673
45674
45675
45676
45677
45678
45679
45680
45681
45682
45683
45684
45685
45686
45688
45689
45690
45691
45693
45694
45695
45697
45698
45699
457
45700
45701
45702
45703
45708
45711
45714
45716
45717
45720
45728
45731
45733
45734
45735
45736
45737
45738
45739
45742
45743
45744
45745
45746
45748
45749
4575
45751
45752
45754
45755
45757
45758
45761
45762
45763
45764
45786
45788
45789
45790
45791
45795
45796
45797
45798
45799
458
45800
45801
45802
45803
45804
45805
45806
45807
45808
45809
45810
45811
45812
45813
45814
45815
45816
45817
45818
45819
45820
45821
45822
45823
45824
45825
45826
45827
45828
45829
45830
45831
45832
45833
45834
45835
45836
45837
45838
45839
4584
45840
45841
45843
45844
45845
45846
45847
45848
45849
4585
45850
45851
45852
45853
45854
45855
45856
45857
45858
45859
4586
45860
45861
45862
45863
45864
45865
45866
45867
45868
45869
45870
45871
45872
45873
45874
45875
45876
45877
45878
45879
4588
45880
45881
45882
45883
45884
45885
45886
45887
45888
45889
4589
45890
45891
45892
45893
45894
45895
45896
45897
45898
45899
459
4590
45900
45901
45902
45903
45904
45905
45906
45907
45908
45909
4591
45910
45911
45912
45913
45914
45915
45916
45917
45918
45919
4592
45920
45921
45922
45923
4593
45931
45932
45934
45935
45936
45937
45938
4594
45940
45941
45943
45944
45945
45946
45947
45948
45949
4595
45950
45951
45952
45953
45954
45956
45957
45958
4596
45960
45961
45962
45963
45964
45965
45966
45967
45968
45969
4597
45970
45971
45972
45973
45974
45975
45976
45977
45978
45979
4598
45980
45981
45982
45983
45984
45985
45986
45987
45988
45989
4599
46
460
4600
4601
4602
4603
4604
46070
46071
46074
46076
46077
46078
46079
4608
46080
46081
46082
46083
46084
46087
4609
46091
46094
46096
46097
461
4610
46102
46103
46105
46107
46108
46109
4611
46110
46112
46113
46115
46117
46118
46119
4612
46120
46121
46122
46123
46124
46125
46126
46127
46128
46129
46130
46131
46132
46133
46134
46135
46136
46137
46138
46139
4614
46140
46142
46145
46146
46147
46148
4615
46150
46151
46152
46153
46154
46155
46156
46158
4616
46160
46161
46162
46163
46164
46165
46166
46167
46168
46169
46170
46171
46172
46173
46174
46175
46176
46177
46178
46179
4618
46180
46181
46182
46183
46184
46185
46187
46188
46190
46191
46192
46193
46194
46195
46196
46197
46198
46199
462
4620
46200
46201
46202
46203
46208
46209
4621
46210
46211
46212
46213
46214
46215
46217
46218
46219
4622
46220
46222
46223
46224
46226
46227
46228
46229
4623
46230
46231
46232
46233
46234
46235
46236
46237
46238
46239
4624
46240
46241
46242
46243
46244
46245
46246
46247
46248
46249
4625
46250
46251
46252
46253
46254
46255
46256
46257
46258
46259
4626
46260
46261
46262
46265
46266
46267
46268
46269
4627
46270
46271
46272
46273
46274
46275
46276
46277
46278
46279
4628
46280
46281
46282
46283
46284
46285
46286
46287
46288
46289
4629
46294
46295
46296
46297
46298
46299
463
4630
46300
46301
46302
46303
46304
46305
46306
46307
4631
46310
46312
46313
46314
46315
46316
46317
46318
46319
4632
46322
46323
46324
46325
46326
46327
46328
46329
4633
46330
46331
46332
46333
46334
46335
46336
46337
46339
4634
46340
46341
46342
46343
46344
46345
46346
46347
46348
46349
4635
46350
46351
46352
46353
46354
46355
46356
46357
46358
46359
46360
46361
46362
46363
46364
46365
46366
46367
46368
46369
46370
46371
46372
46373
46374
46375
46376
46377
46378
46379
4638
46380
46381
46382
46383
46384
46385
46386
46387
4639
46392
46393
46394
46395
46396
46397
46398
46399
464
4640
46400
46401
46402
46403
46404
46405
46406
46407
46408
46409
4641
46411
46412
46413
46414
46415
46416
46417
46418
46419
46420
46421
46425
46426
46427
46428
46429
4643
46430
46431
46432
46433
46434
46435
46436
46437
46438
46439
4644
46440
46441
46442
46443
46444
46445
46449
4645
46450
46451
46452
46453
46454
46455
46456
46457
46458
46459
4646
46463
46464
46465
46466
46467
46468
4647
46470
46471
46472
46473
46477
4648
46480
46481
46482
46483
46484
46488
46489
4649
46490
46491
46494
46495
46496
46497
46498
46499
465
4650
46500
46501
46502
46503
46504
46505
46506
46507
46508
46509
4651
46511
46512
46513
46514
46515
46516
46517
46518
46519
4652
46520
46521
46522
46523
46524
46525
46526
46527
46528
46529
4653
46530
46532
46534
46536
46537
46538
46539
4654
46540
46541
46542
46543
46544
46545
46546
46547
46548
46549
4655
46550
46551
46552
46553
46554
46555
46557
46558
46559
4656
46560
46561
46562
46563
46564
46565
46566
46567
46568
46569
4657
46570
46571
46572
46573
46574
46575
46576
46577
46578
46579
4658
46580
46581
46582
46583
46584
46585
46586
46587
46588
46589
4659
46590
46591
46594
46596
46597
46598
46599
466
4660
46600
46601
46602
46603
46604
46605
46606
46607
46608
46609
4661
46610
46612
46613
46615
46616
46617
46618
46619
4662
46620
46621
46622
46623
46624
46625
46626
46627
46628
46629
4663
46630
46631
46632
46633
46636
46637
46638
46639
4664
46640
46641
46642
46643
46644
46645
46647
46648
46649
4665
46650
46651
46652
46653
46655
46656
46657
46658
46659
4666
46660
46661
46662
46663
46664
46665
46666
46667
46668
46669
46670
46671
46672
46675
46676
46677
46678
46679
4668
46680
46681
46682
46683
46684
46685
46686
46687
46689
4669
46690
46691
46692
46693
46694
46695
46696
46697
46698
46699
467
4670
46700
46701
46702
46703
46704
46705
46706
46707
46708
46709
4671
46710
46711
46712
46713
46714
46715
46716
46717
46718
46719
4672
46720
46721
46722
46723
46724
46725
46726
46727
46728
46729
4673
46730
46731
46732
46733
46734
46735
46737
46738
46739
4674
46740
46741
46742
46743
46744
46745
46746
46748
46749
4675
46751
46752
46753
46754
46755
46757
46758
46759
4676
46760
46761
46762
46763
46764
46765
46766
46767
46768
46769
4677
46770
46771
46772
46773
46774
46775
46776
46777
46778
46779
4678
46780
46781
46782
46783
46784
46785
46786
46787
46788
46789
4679
46790
46791
46792
46793
46794
46795
46796
46797
46798
46799
468
4680
46800
46801
46802
46803
46804
46805
46806
46807
46808
46809
4681
46810
46811
46812
46813
46814
46815
46816
46817
46818
46819
4682
46820
46821
46822
46823
46824
46826
46827
46828
46829
4683
46831
46832
46833
46834
46835
46836
46837
46838
46839
4684
46840
46841
46842
46843
46844
46845
46846
46847
46848
46849
4685
46850
46851
46852
46853
46854
46855
46856
46857
46858
46859
4686
46860
46861
46862
46863
46864
46865
46866
46867
46868
46869
4687
46870
46871
46872
46873
46878
46879
4688
46880
46886
46888
46889
4689
46890
46891
46892
46893
46894
46895
46896
46897
46898
46899
469
4690
46900
46901
46902
46903
46904
46905
46906
46907
46908
46909
4691
46910
46912
46913
46914
46915
46916
46917
46918
46919
4692
46920
46921
46922
46923
46924
46925
46926
46927
46928
46929
4693
46930
46931
46933
46934
46935
46936
46937
46938
46939
4694
46940
46941
46942
46943
46944
46945
46946
46947
46948
46949
4695
46950
46951
46952
46953
46954
46955
46956
46957
46958
46959
4696
46960
46961
46962
46963
46964
46965
46966
46967
46968
46969
4697
46970
46971
46972
46973
46974
46975
46976
46977
46978
46979
4698
46980
46981
46982
46983
46984
46985
46986
46987
46988
46989
4699
46990
46991
46992
46993
46994
46995
46996
47
470
47001
47002
47003
47004
47005
47006
47007
47008
47009
47010
47018
47019
4702
47020
47021
47022
47023
47024
47025
47027
47028
47029
4703
47030
47032
47033
47034
47035
47036
47037
47038
47039
47040
47041
47042
47043
47046
47047
47048
4705
47052
47053
47054
47055
47057
47058
47059
4706
47061
47063
47064
47065
47066
47067
4707
47074
47076
4708
47086
47087
47088
47089
4709
47090
47091
47092
47093
47094
47095
47098
47099
471
4710
47100
47102
47105
47106
47107
47108
47109
47110
47111
47112
47113
47114
47115
47116
47117
47118
47119
4712
47120
47121
47122
47123
47124
47125
47126
47127
47128
47129
4713
47130
47131
47132
47137
47138
47139
47140
47141
47142
47143
47144
47145
47146
47147
47148
47149
4715
47150
47151
47152
47154
47155
47156
47157
47158
47159
4716
47160
47161
47162
47163
47164
47165
47166
47167
47168
47169
4717
47170
47171
47172
47173
47174
47175
47176
47177
47178
47179
4718
47180
47182
47183
47184
47185
47186
47187
47188
47189
4719
47190
47191
47192
47193
47194
47195
47196
47197
47198
472
4720
47200
47201
47202
47203
47204
47205
47206
47207
47208
47209
4721
47210
47212
47213
47215
47219
4722
47220
47221
47222
47223
47224
47225
47226
47227
47228
47229
4723
47230
47231
47232
47233
47234
47235
47236
47237
47238
47239
4724
47240
47241
47242
47243
47244
47245
47246
47247
47248
47249
4725
47250
47251
47252
47253
47254
47255
47256
47257
47258
47259
4726
47260
47261
47262
47263
47264
47265
47266
47267
47268
47269
4727
47270
47271
47272
47273
47274
47275
47276
47277
47278
47279
4728
47280
47281
47282
47283
47284
47285
47287
47288
47289
4729
47291
47292
47293
47294
47295
47296
47297
47298
47299
473
4730
47300
47301
47302
47303
47304
47305
47306
47307
47308
47309
4731
47310
47311
47312
47313
47314
47315
47316
47317
47318
47319
4732
47320
47321
47322
47323
47324
47325
47326
47327
47328
47329
4733
47330
47331
47332
47333
47334
47336
47337
47338
47339
47340
47341
47342
47343
4735
47353
47354
47355
47356
47357
4736
47361
4737
47374
4738
47382
47383
47384
47386
4739
474
4740
47401
47402
47403
47404
47405
47406
47407
47408
47409
4741
47410
47412
47414
47415
47417
47418
47419
4742
47420
47421
47423
47424
47425
47428
47429
4743
47431
47432
47433
47434
47436
47437
47438
47439
4744
47440
47441
47442
47443
47444
47445
4747
47473
47474
47475
4748
47486
47487
47488
47489
4749
47490
47491
47492
47493
47494
47495
47496
47497
47498
47499
475
4750
47500
47501
47502
47503
47504
47505
47507
47508
47509
4751
47511
47513
47516
4752
47523
4753
4754
47549
4755
47550
47552
4756
47566
4757
47570
47572
47576
47577
4758
47580
47585
47587
47589
4759
47591
47592
47593
47594
47595
47596
47597
47598
47599
476
4760
47600
47601
47602
47603
47604
47606
47607
47608
4761
47610
47613
47617
4762
47620
47624
47625
4763
47631
47633
47637
47639
4764
47640
47642
47643
47644
47645
47646
47647
47648
47649
4765
47653
47654
47655
47657
4766
47660
47662
47665
47669
4767
47674
47675
47678
47679
4768
47680
47681
47682
47683
47684
47685
47686
47687
47688
47689
4769
47690
47691
47692
47693
47694
47696
47697
47698
47699
477
47700
47701
47703
47704
47705
47708
47709
4771
47710
47711
47712
47713
47716
47717
47718
47719
4772
47720
47721
47722
47723
47724
47725
47726
47727
47728
47729
4773
47730
47731
47732
47733
47734
47735
47736
47737
47738
4774
47740
47741
47742
47743
47744
47745
47746
4775
47758
47759
4776
47760
47761
47762
47763
47764
47765
47766
47767
47768
47769
4777
47770
47771
47772
47773
47774
47775
47776
47777
47778
47779
4778
47780
47781
47782
47783
47784
47785
47786
47789
4779
47790
47791
47792
47793
47794
47799
478
4780
47800
47805
47807
4781
47815
47817
47818
4782
47820
47822
47823
47826
4783
47830
47831
47832
47833
47834
47835
47836
47837
47838
47839
4784
47840
47841
47842
47843
47844
47845
4785
47850
47851
47856
47857
47858
47859
4786
47860
47861
47862
47863
47864
47865
47866
47867
47868
47869
4787
47870
47871
47873
47874
47875
47876
47877
47878
47879
4788
47880
47881
47882
47883
47884
47885
47886
47887
47888
4789
47891
47892
47893
47894
47895
47896
47897
47898
47899
479
4790
47900
47901
47902
47903
47905
47906
47907
47908
47909
47910
47911
47912
47913
47914
47915
47916
47917
47918
47919
47920
47921
47922
47923
47924
47925
47926
47927
47928
47929
4793
47930
47931
47932
47933
47934
47935
47936
47937
47938
47939
47942
47943
47944
47945
47946
47947
47948
47949
47950
47951
47952
47953
47954
47955
47956
47957
47958
47959
47960
47961
47962
47963
47964
47965
47966
47967
47968
47969
4797
47970
47971
47972
47973
47974
47976
47977
47978
47979
4798
47980
47981
47982
47983
47984
47985
47988
4799
47990
47991
47992
47993
47994
47995
47996
47997
47998
47999
48
480
4800
48000
48001
48002
48004
48005
48006
48007
48008
48009
4801
48010
48011
48012
48013
48014
48015
48016
48017
48018
4802
48020
48021
48023
48024
48025
48026
48027
48028
4803
48030
48031
48032
48033
48035
48036
48037
48038
48039
4804
48040
48041
48042
48043
48044
48045
48046
48047
48048
48049
4805
48050
48051
48052
48053
48054
48055
48056
48057
48059
4806
48060
48061
48062
48063
48064
48065
48066
48067
48068
48069
4807
48070
48071
48072
48073
48074
48075
48076
48077
48078
48079
4808
48080
48081
48082
48083
48084
48085
48086
48087
48088
48089
4809
48090
48091
48092
48093
48094
48095
48096
48097
48098
48099
481
4810
48100
48101
48102
48103
48104
48105
48106
48107
48108
48109
4811
48110
48111
48112
48113
48114
48115
48117
48118
48119
4812
48120
48121
48122
48123
48124
48125
48126
48127
48128
48129
4813
48130
48131
48133
48134
48135
48136
48137
48138
48139
4814
48140
48141
48142
48143
48144
48145
48147
48148
48149
4815
48150
48151
48152
48153
48154
48155
48156
48157
48158
48159
4816
48160
48161
48163
48164
48165
48166
48167
4817
48175
48179
4818
48180
48181
48182
48183
48188
4819
48191
48195
48196
48198
48199
482
4820
48200
48201
48202
48203
48204
48205
48206
48207
48209
48211
48212
48213
48214
48215
48216
48217
48219
4822
48220
48221
48222
48223
48224
48225
48226
48228
4823
48231
48232
48233
48234
48235
48236
48237
48238
48239
48240
48241
48242
48243
48244
48245
48246
48247
48248
48249
48250
48251
48252
48253
48254
48255
48256
48257
48258
48259
4826
48260
48261
48262
48263
48264
48265
48266
48267
48268
48270
48271
48272
48273
48274
48275
48276
48278
4828
48280
48281
48282
48283
48284
48286
48287
48288
48289
4829
48290
48291
48292
48293
48294
48295
48296
48297
48298
48299
483
48300
48301
48302
48303
48304
48305
48306
48307
48308
48309
4831
48310
48311
48312
48313
48315
48316
48317
48318
48319
4832
48320
48322
48324
48325
48326
48327
48328
48329
4833
48330
48331
48332
48333
48334
48335
48336
48337
48338
4834
48340
48341
48342
48343
48344
48345
48346
48347
4835
48352
48353
48354
48355
48356
48357
48358
48359
48360
48361
48363
48364
48365
48366
48367
48368
48369
48370
48372
48374
48375
48376
48377
48378
48379
48380
48381
48384
48385
48386
48387
48388
4839
48390
48392
48393
48396
48397
48398
48399
484
4840
48400
48401
48402
48403
48404
48405
48406
48408
48409
4841
48410
48411
48414
48415
48416
48417
48418
48419
4842
48420
48421
48422
48423
48424
48426
48427
48428
48429
4843
48430
48437
48438
48439
4844
48440
48441
48442
48443
48444
48445
48446
48447
48448
48449
4845
48450
48451
48452
48453
48454
48455
48456
48457
48458
48459
4846
48460
48461
48462
48463
48464
48465
48466
48467
48468
48469
4847
48470
48471
48472
48473
48474
48475
48476
48477
48478
48479
4848
48480
48481
48482
48483
48484
48485
48486
48487
48488
48489
48490
48491
48492
48493
48494
48495
48496
48497
48498
48499
485
4850
48500
48501
48502
48503
48505
48509
4852
4854
4855
48568
48569
48571
48572
48573
48574
48575
48576
48577
4859
486
48628
4864
4865
48660
48661
48667
48668
48669
4867
48670
48674
48677
48678
48679
4868
48680
48681
48682
48684
48686
48687
4869
48690
48693
487
4870
4871
48710
48719
4872
48721
48723
48729
4873
4874
48743
48745
48757
4876
4878
4879
488
4880
48803
48804
48809
4881
48811
48815
48819
4882
48822
48823
48824
48825
48827
4883
48832
48837
4884
48842
48846
48848
4885
48851
48852
48853
48854
4886
48860
48868
4887
48872
48873
48874
4888
48880
48883
48887
4889
48892
48894
48898
489
4890
48906
48907
4891
48917
48918
4892
48923
48926
48928
4893
48932
48936
48937
4894
48943
48947
4895
48951
48953
48955
4896
48960
48962
48968
48969
4897
48970
4898
48981
48982
48987
48990
48991
48995
48996
49
490
4900
49009
4901
49011
4903
49039
4904
4905
4906
49068
4907
49070
49076
49078
4908
49081
49088
49089
4909
49092
49093
491
4910
4911
4912
4913
49137
49138
49139
4914
49140
49141
49142
49143
49144
49145
49146
49147
49148
49149
4915
49150
4916
49167
49168
49169
49170
49171
49172
49174
49175
49176
49177
49178
49179
49180
49181
49183
49186
49187
49188
49191
49192
49195
49196
49197
49198
49199
492
4920
49200
49201
49202
49203
49204
49205
49206
49207
49208
49209
49210
49211
49212
49213
4923
49237
49238
49239
4924
49240
49241
49242
49243
49244
49245
49246
49247
49248
49249
4925
49250
49251
49252
49253
49254
49255
49256
49257
49258
49259
4926
49262
49263
49266
49267
49268
49269
4927
49270
49271
49273
49274
49275
49276
49277
49279
4928
49280
49283
49287
49288
4929
49290
49291
49296
49297
49298
49299
493
4930
49300
49301
49302
49303
49304
4931
49315
4932
49328
49329
4933
4934
4935
49355
4936
4937
49370
49373
49374
49375
4938
49384
4939
49394
494
4940
4941
4942
4943
49430
49431
49433
49434
49436
49437
49438
4944
49440
49441
49442
49443
4945
4946
4947
4948
49482
4949
49496
49497
495
4950
49503
49504
49505
49506
49507
49508
49509
4951
49510
49511
49512
49513
49514
49515
49516
49517
49518
49519
4952
49520
49521
49522
49523
49524
49525
49526
49527
49528
49529
4953
49530
49531
49532
49533
49534
49535
49536
49537
49538
4954
49540
49541
49542
49543
49544
49545
49546
49547
49548
49549
4955
49550
49551
49552
49553
49554
49555
49556
49557
49558
49559
4956
49560
49561
49562
49563
49564
49565
49566
49567
49568
49569
4957
49570
49571
49572
49573
49574
49575
49576
49577
49578
49579
4958
49580
49581
49582
49583
49584
49585
49586
49587
49588
49589
4959
49590
49591
49592
49593
49594
49595
49596
49597
49598
49599
496
4960
49604
49605
4961
49616
49617
49618
49619
4962
49620
49621
49622
49627
49628
49629
4963
49630
49631
49632
49633
49634
49635
49636
49637
49638
49639
4964
49640
49641
49642
49643
49644
49645
49646
49647
49648
49649
49650
49651
49652
49653
49654
49655
49656
49657
49658
49659
49660
49661
49662
49663
49664
49665
49666
49667
49668
49669
4967
49670
49671
49672
49673
49674
49675
49676
49677
49678
49679
4968
49680
49681
49682
49683
49686
4969
49690
49691
49692
49693
497
4970
49701
49702
49703
49704
49705
49706
49707
49708
49709
4971
49710
49711
49712
49713
49714
49715
49716
49717
49718
49719
4972
49720
49721
49722
49723
49724
49725
49726
49727
49728
49729
4973
49730
49731
49732
49733
49734
49735
49736
49737
49738
49739
4974
49740
49741
49742
49743
49745
49746
49747
49748
49749
4975
49753
49754
49755
49756
49757
4976
49760
49763
49764
49769
4977
49770
49771
49773
49774
49775
49776
49777
49778
4978
49780
49781
49782
49783
49784
49787
4979
49790
49798
498
4980
49800
49801
49803
49804
49805
49806
49807
49808
49809
4981
49810
49811
49812
49813
49814
49815
49816
49817
49818
49819
4982
49820
49821
49822
49825
49826
49827
49828
49829
4983
49830
49832
49838
49839
4984
49841
49842
49843
49844
49845
49846
49847
49848
49849
4985
49850
49851
49852
49853
49854
49855
49856
49858
49859
4986
49860
49861
49862
49863
49864
49865
49866
49867
49868
49869
4987
49870
49873
49874
49875
49876
49877
49878
49879
4988
49880
49881
49882
49883
49884
49885
49886
49887
49888
49889
4989
49890
49891
49892
49893
49894
49895
49896
49897
49898
49899
499
4990
49900
49901
49902
49903
49904
49905
49907
49908
49909
49910
49911
49913
49914
49915
49917
49918
4992
49920
49921
49922
49923
49924
49925
49926
49927
49928
49929
4993
49930
49931
49932
49933
49934
49936
49937
4994
49940
49946
49947
49949
4995
49950
49951
49952
49953
49954
49955
49956
49957
49958
49959
4996
49960
49961
49962
49963
49964
49965
49966
49968
49969
4997
49970
49971
49972
49973
49974
49975
49976
49977
49978
49979
4998
49980
49981
49982
49983
49984
49985
49986
49987
49988
49989
4999
49990
49993
49995
49996
49997
49998
49999
5
50
500
5000
50000
50001
50002
50003
50004
50005
50006
50007
50008
50009
5001
50010
50011
50012
50013
50014
50015
50016
50017
50018
50019
5002
50020
50022
50024
50025
50026
50027
50028
50029
5003
50031
50032
50033
50034
50036
50037
50038
50039
5004
50049
5005
50051
50052
50053
5006
50066
5007
50070
50071
50075
50076
50078
50079
5008
50080
50081
50082
50083
50084
50085
50086
50087
50088
50089
5009
50090
50091
50092
50093
50094
50095
50096
50097
50098
50099
501
5010
50100
50101
50102
50105
5011
50112
50113
50114
50115
50117
50118
50119
5012
5013
50130
50131
50133
50141
50142
50143
50144
50145
50146
50147
50148
50149
50150
50151
50152
50153
50154
50155
50156
50157
50158
50159
5016
50160
50161
5017
5018
50182
50183
50184
50186
50188
50189
5019
50191
50192
50193
50194
502
5020
50201
50202
50207
5021
50213
50216
5022
50220
50221
50222
50223
5023
50230
50231
50232
50236
50237
50238
50239
5024
50240
50241
50242
50243
50244
50245
50246
50247
50248
50249
5025
50250
50251
50252
50254
50255
50256
50257
50258
50259
5026
50263
50264
50266
50268
5027
50270
50271
50273
50274
50275
50276
50277
50278
50279
5028
50280
50281
50282
50283
50284
50285
50286
50287
50288
50289
5029
50290
50291
50292
50293
50294
50296
50297
50298
503
5030
50305
50307
5031
50314
50317
5032
50321
50322
50323
50326
50327
50328
5033
5034
50344
50346
5035
50351
50354
50355
50356
50357
50358
50359
5036
50360
50361
50362
50363
50364
50365
50366
50367
50368
50369
5037
50370
50371
50372
50373
50374
50375
50376
50377
50378
50379
5038
50380
50381
50382
50383
50384
50385
50386
50387
50388
50389
5039
50390
50391
50392
50393
50394
50395
50396
50397
50398
50399
504
5040
50400
50401
50402
50403
50404
50405
50406
50409
5041
50410
50411
50413
50415
50416
50417
50418
50419
5042
50421
50422
50423
50424
5043
50436
50437
50438
5044
50440
50443
50444
50445
50446
50447
50448
50449
5045
5046
50461
50467
5047
50475
50478
50479
5048
50480
5049
505
5050
50502
50503
50507
50508
5051
50510
5052
50529
5053
50530
50531
50532
50533
50534
50535
50536
50537
50538
50539
5054
50540
50541
50542
50543
50545
50549
5055
50553
50555
50556
50557
50558
5056
50567
5057
50570
50572
5058
50581
50582
50583
50585
50587
50588
50589
5059
50591
50592
50595
506
5060
50601
50603
50604
50605
50606
5061
50615
50616
50617
50618
50619
5062
50620
50621
50622
50623
50625
50626
50627
50628
50629
5063
50630
50633
50634
50635
5064
5065
50657
50658
50659
5066
5067
50670
5068
50680
50681
50682
50685
50686
5069
507
5070
50702
50703
50705
5071
50710
50711
50712
50713
50714
50715
50716
50717
50718
50719
5072
50723
50724
50726
50727
50728
50729
5073
50730
50733
50735
5074
50744
50745
50746
50747
5075
50752
50753
50754
50759
5076
50760
50761
50762
50763
50764
50765
50766
50767
50768
50769
5077
50770
50771
50772
50773
50774
50775
50776
50777
50778
50779
5078
50780
50781
50782
50784
50785
50786
50787
50788
50789
5079
50790
50791
50792
50793
50794
50797
508
5080
50800
5081
5082
50895
50896
50897
50898
50899
509
50900
50902
50907
50908
50909
50910
50911
50912
50913
50914
50915
50916
50917
50918
50919
50920
50922
50924
50926
50931
50975
50976
50977
50978
50979
50980
50981
50982
50983
50984
50985
50986
50987
50988
50989
50990
50991
50992
50993
50994
50995
50996
50997
50998
50999
51
510
51000
51001
51002
51003
51004
51005
51006
51007
51008
51009
51010
51011
51012
51013
51014
51015
51016
51017
51018
51019
51020
51021
51022
51023
51024
51025
51026
51027
51028
51029
51030
51031
51032
51033
51034
51035
51036
51037
51038
51039
51042
51043
51044
51045
51046
51048
51049
51050
51051
51052
51054
51055
51056
51057
51058
51059
51060
51061
51062
51063
51064
51065
51066
51067
51068
51069
51070
51071
51072
51073
51074
51075
51076
51077
51078
51079
51080
51081
51082
51083
51084
51085
51086
51087
51088
51089
51090
51091
51092
51093
51094
51095
51096
51097
51098
51099
51100
51101
51102
51103
51104
51105
51106
51107
51108
51109
51110
51111
51112
51113
51114
51115
51116
51117
51118
51119
51120
51121
51122
51123
51124
51133
51135
51136
51137
51139
51147
51148
51149
51153
51154
51155
51156
51159
51160
51161
51162
51163
51164
51165
51166
51167
51168
51172
51173
51178
51191
51192
51194
51195
51196
512
51204
51205
51209
51210
51211
51212
51214
51215
51216
51217
51218
51219
51220
51221
51222
51223
51226
51227
51228
51229
51230
51231
51232
51233
51234
51235
51237
51238
51239
51240
51241
51242
51243
51246
51248
51249
51250
51267
51270
51271
51272
51273
51274
51275
51276
51277
51278
51279
51285
51286
51287
51289
51291
51292
51293
51295
51296
51298
51299
513
51300
51301
51302
51304
51305
51306
51307
51308
51309
51310
51311
51312
51313
51314
51315
51316
51317
51318
51319
51320
51321
51322
51323
51324
51325
51326
51327
51328
51329
51330
51331
51332
51333
51334
51339
51344
51345
51346
51347
51349
51350
51352
51353
51354
51359
51361
51364
51365
51366
51367
51368
51369
51371
51377
51378
51379
51380
51381
51382
51386
51387
51388
51389
51391
51392
51393
51395
51396
51397
51398
51399
51400
51401
51402
51408
51409
51410
51411
51412
51413
51414
51415
51416
51417
51418
51419
51420
51421
51422
51423
51424
51425
51426
51427
51428
51429
51430
51431
51432
51433
51439
51442
51449
51450
51451
51493
51494
51495
51496
51497
51498
51499
515
51500
51501
51502
51503
51504
51505
51506
51507
51508
51509
51510
51511
51512
51513
51516
51517
51518
51519
51520
51521
51522
51523
51524
51525
51526
51528
51539
51551
51554
51555
51558
51562
51563
51564
51566
51567
51571
51574
51575
51577
51578
51579
51580
51581
51582
51583
51584
51585
51590
51591
51592
51593
51595
51596
51597
51598
51599
516
51600
51601
51604
51605
51607
51608
51609
51610
51612
51614
51618
51619
51620
51622
51624
51627
51629
51630
51631
51632
51641
51644
51648
51649
51650
51651
51652
51653
51654
51656
51658
51659
51660
51662
51663
51664
51665
51666
51667
51668
51672
51673
51674
51675
51676
51677
51681
51682
51685
51688
51689
51690
51691
51694
51695
517
51701
51703
51704
51708
51710
51714
51716
51718
51719
51720
51721
51722
51725
51726
51727
51728
51729
51730
51731
51732
51734
51735
51736
51737
51738
51747
51748
51749
51750
51754
51756
51757
51758
51759
51760
51761
51762
51763
51764
51765
51766
51767
51768
51769
51770
51771
51772
51773
51774
51775
51776
51777
51778
51779
51780
51781
51782
51783
51784
51785
51786
51787
51788
51789
51790
51791
51792
51793
51794
51795
51796
51797
51798
51799
518
51800
51801
51802
51803
51804
51805
51806
51807
51808
51809
51810
51811
51812
51813
51814
51815
51816
51817
51818
51819
51820
51821
51822
51823
51824
51825
51827
51828
51829
51830
51831
51832
51833
51834
51835
51836
51837
51838
51840
51842
51843
51844
51845
51846
51849
51850
51851
51852
51853
51854
51855
51856
51857
51858
51860
51862
51864
51865
51867
51868
51869
51870
519
51921
51923
51924
51925
51926
51927
51928
51929
51930
51931
51932
51936
51937
51938
51939
51940
51941
51942
51943
51944
51946
51947
51948
51949
51950
51951
51952
51953
51954
51955
51956
51957
51958
51959
51960
51961
51962
51963
51964
51965
51966
51967
51968
51969
51970
51971
51972
51975
52
520
52016
52018
52021
52022
52023
52024
52025
52026
52027
52028
52029
52030
52031
52032
52033
52034
52035
52036
52037
52038
52039
52040
52041
52042
52043
52044
52045
52046
52047
52048
52049
52050
52051
52052
52053
52054
52055
52056
52057
52058
52059
52060
52061
52062
52063
52064
52065
52066
52067
52068
52069
52070
52071
52072
52073
52074
52075
52076
52077
52078
52079
52080
52081
52082
52083
52084
52085
52086
52087
52088
52089
52090
52091
52092
52093
52094
52095
52096
52097
52098
52099
521
52100
52101
52102
52103
52104
52105
52106
52107
52108
52109
52110
52111
52112
52113
52114
52115
52116
52117
52118
52119
52120
52121
52122
52123
52124
52125
52126
52127
52128
52129
52130
52131
52132
52133
52134
52135
52136
52137
52138
52139
52140
52141
52143
52144
52145
52146
52147
52148
52150
52151
52152
52153
52154
52155
52156
52174
52175
52177
52178
52179
52180
52181
52182
52183
52184
52185
52186
52187
52188
52189
52190
52191
52192
52193
52194
52195
52196
52197
52198
52199
522
52200
52201
52202
52206
52207
52208
52211
52212
52214
52216
52219
52221
52222
52223
52224
52230
52231
52232
52233
52234
52235
52236
52238
52239
52244
52246
52247
52248
52249
52250
52251
52252
52253
52254
52255
52256
52257
52258
52259
52260
52261
52262
52263
52264
52265
52266
52267
52268
52269
52270
52271
52272
52273
52274
52275
52276
52277
52278
52279
52280
52281
52282
52283
52284
52285
52286
52287
52288
52289
52290
52291
52292
52293
52294
52296
52298
52299
523
52301
52302
52303
52304
52305
52306
52307
52308
52309
52310
52311
52312
52313
52314
52315
52316
52317
52318
52319
52320
52321
52322
52323
52324
52325
52326
52327
52328
52329
52330
52331
52332
52333
52334
52335
52336
52337
52341
52342
52344
52345
52346
52347
52348
52349
52350
52353
52354
52355
52357
52358
52359
52360
52361
52363
52368
52370
52372
52373
52374
52375
52376
52377
52378
52379
52380
52381
52384
52385
52386
52387
52388
52390
52391
52393
52395
52396
52397
52398
52399
524
52400
52401
52402
52403
52404
52405
52406
52407
52408
52409
52410
52411
52412
52413
52414
52415
52416
52417
52418
52419
52420
52421
52422
52423
52424
52425
52426
52427
52428
52429
52430
52431
52432
52433
52434
52435
52436
52437
52438
52439
52440
52441
52442
52443
52444
52445
52446
52447
52448
52449
52450
52451
52452
52453
52459
52460
52461
52462
52463
52464
52465
52466
52467
52468
52480
52482
52483
52484
525
52504
52505
52522
52523
52524
52525
52526
52527
52528
52529
52533
52542
52558
52559
52561
52580
52585
526
52600
52606
52608
52609
52610
52615
52618
52619
52620
52621
52624
52626
52627
52628
52630
52648
52653
52655
52660
52661
52662
52666
52676
52677
52678
52679
52680
52681
52682
52683
52684
52685
52686
52687
52688
52689
52690
52691
52692
52693
527
52711
52714
52720
52722
52724
52725
52726
52727
52728
52729
52730
52731
52732
52733
52734
52735
52736
52737
52738
52739
52740
52741
52742
52743
52744
52745
52746
52747
52748
52749
52750
52751
52752
52753
52754
52755
52756
52757
52758
52759
52760
52761
52762
52763
52764
52765
52766
52767
52768
52769
52770
52771
52772
52773
52774
52775
52776
52777
52778
52779
52780
52781
52782
52783
52784
52785
52786
52787
52788
52789
52790
52791
52792
52793
52794
52795
52796
52797
52798
528
52800
52801
52802
52803
52804
52805
52806
52807
52808
52809
52810
52811
52812
52813
52814
52815
52816
52817
52818
52819
52820
52821
52822
52823
52824
52825
52826
52827
52828
52829
52830
52831
52832
52833
52834
52835
52836
52837
52838
52839
52840
52841
52842
52843
52844
52845
52846
52847
52848
52849
52850
52851
52852
52853
52854
52855
52856
52857
52858
52859
52860
52861
52862
52863
52864
52865
52866
52867
52868
52869
52870
52871
52872
52873
52874
52875
52876
52877
52878
52879
52880
52881
52882
52883
52884
52885
52886
52887
52888
52889
52890
52891
52892
52893
52894
52895
52896
52897
52898
52899
529
52900
52901
52902
52903
52904
52905
52906
52907
52908
52909
52910
52911
52912
52913
52914
52915
52916
52917
52918
52919
52920
52921
52922
52923
52924
52925
52926
52927
52928
52929
52931
52932
52933
52934
52935
52936
52937
52938
52939
52942
52944
52945
52946
52947
52948
52949
52950
52951
52954
52955
52957
52958
52959
52960
52961
52962
52963
52964
52965
52966
52967
52968
52970
52971
52972
52973
52974
52976
52979
52986
52989
52990
52991
52992
52994
52995
52996
52997
52998
52999
53
530
53000
53001
53002
53003
53004
53005
53006
53007
53010
53011
53012
53013
53014
53015
53016
53017
53018
53020
53022
53026
53028
53030
53034
53038
53042
53043
53044
53045
53047
53048
53049
53050
53051
53054
53055
53057
53058
531
53101
53104
53139
53140
53142
53143
53144
53145
53146
53147
53148
53150
53151
53152
53153
53154
53158
53159
53160
53162
53164
53166
53167
53169
53170
53171
53172
53173
53174
53175
53176
53177
53178
53179
53180
53181
53182
53183
53184
53185
53186
53187
53188
53189
53190
53191
53192
53193
53194
53195
53199
532
53200
53201
53202
53203
53204
53205
53206
53207
53208
53209
53210
53211
53212
53213
53214
53215
53216
53217
53218
53219
53220
53221
53222
53223
53224
53225
53226
53227
53228
53229
53230
53231
53232
53233
53234
53235
53236
53237
53238
53239
53240
53241
53242
53345
53346
53347
53348
53349
53350
53351
53352
53353
53354
53355
53356
53357
53358
53359
53360
53361
53362
53363
53364
53365
53366
53367
53368
53369
53370
53371
53372
53373
53374
53375
53376
53377
53378
53379
53380
53381
53382
53383
53384
53385
53386
53387
53388
53389
53390
53391
53392
53393
53394
53395
53396
53397
53398
53399
534
53400
53401
53402
53403
53404
53405
53406
53407
53408
53409
53410
53411
53412
53413
53414
53415
53416
53417
53418
53419
53420
53421
53422
53423
53424
53425
53426
53427
53428
53429
53430
53431
53432
53433
53434
53435
53436
53437
53438
53439
53440
53441
53442
53443
53444
53445
53446
53448
53449
53452
53453
53454
53455
53456
53457
53458
53459
53460
53461
53462
53463
53464
53465
53469
53472
53473
53474
53475
53477
53479
53480
53482
53483
53484
53485
53487
53488
53489
53490
53491
53492
53493
53495
53499
535
53503
53505
53506
53507
53508
53509
53510
53511
53512
53513
53514
53518
53519
53520
53521
53522
53523
53524
53527
53528
53529
53530
53532
53533
53534
53535
53536
53537
53538
53539
53542
53543
53544
53545
53546
53547
53548
53549
53550
53551
53552
53553
53554
53555
53556
53557
53558
53559
53560
53561
53562
53563
53564
53565
53566
53567
53568
53569
53570
53571
53572
53573
53574
53575
53576
53577
53578
53579
53580
53581
53582
53583
53584
53585
53586
53587
53588
53589
53590
53591
53592
53593
53594
53595
53596
53597
53598
53599
536
53600
53601
53602
53603
53604
53605
53606
53607
53608
53609
53610
53611
53612
53613
53614
53615
53616
53617
53618
53619
53620
53621
53622
53623
53624
53625
53626
53627
53628
53629
53630
53631
53632
53633
53634
53635
53636
53637
53638
53639
53640
53641
53642
53643
53644
53645
53646
53647
53648
53649
53650
53651
53652
53653
53654
53655
53656
53657
53658
53659
53660
53661
53662
53663
53664
53665
53666
53667
53668
53669
53670
53672
53673
53674
53675
53676
53677
53678
53679
53680
53681
53683
53691
53692
53693
53694
53695
53696
53697
53698
53699
537
53700
53701
53702
53708
53709
53710
53711
53712
53713
53717
53719
53720
53721
53722
53723
53724
53725
53726
53727
53728
53729
53730
53731
53732
53733
53734
53735
53736
53737
53738
53739
53740
53741
53742
53752
53757
53771
53778
53779
53780
53781
53796
53797
53798
53799
538
53800
53801
53802
53803
53804
53805
53806
53807
53808
53809
53810
53812
53813
53817
53818
53826
53827
53828
53829
53830
53831
53832
53833
53835
53836
53838
53839
53840
53841
53842
53843
53844
53845
53846
53847
53848
53849
53850
53851
53852
53853
53854
53855
53856
53857
53858
53859
53860
53861
53862
53864
53866
53867
53868
53869
53870
53871
53874
53875
53876
53877
53878
53879
53880
53881
53882
53883
53884
53885
53886
53887
53888
53889
53890
53891
53892
53893
53894
53896
53897
53898
53899
539
53900
53901
53925
53926
53927
53928
53929
53930
53931
53932
53933
53934
53936
53937
53938
53939
53940
53941
53942
53943
53944
53945
53946
53947
53948
53949
53950
53951
53952
53953
53954
53955
53956
53959
53960
53967
53968
53969
53970
53972
53973
53974
53975
53976
53977
53978
53979
53981
53982
53983
53984
53985
53986
53987
53988
53989
53990
53991
53992
53993
53994
53995
53996
53997
53998
53999
54
540
54000
54001
54002
54003
54004
54005
54006
54007
54008
54009
54010
54011
54012
54013
54014
54022
54023
54024
54025
54026
54027
54028
54029
54030
54031
54032
54033
54034
54035
54036
54037
54038
54039
54040
54041
54042
54043
54049
54050
54051
54052
54053
54054
54055
54056
54057
54058
54059
54060
54061
54062
54063
54064
54065
54066
54067
54068
54069
54073
54074
54075
54076
54077
54078
54079
54080
54081
54082
54083
54084
54085
54086
54093
54094
54095
54096
54097
54098
54099
541
54100
54101
54102
54103
54104
54110
54111
54114
54115
54116
54136
54137
54138
54139
54141
54142
54152
54155
54166
54168
54169
54170
54171
54172
54173
54174
54175
54176
54177
54178
54179
54180
54181
54182
54185
54187
54189
54191
54192
542
54218
54219
54220
54221
54222
54223
54224
54225
54226
54227
54228
54229
54230
54231
54232
54234
54235
54236
54237
54238
54239
54240
54241
54242
54243
54244
54245
54246
54247
54249
54250
54251
54252
54253
54254
54255
54256
54257
54258
54259
54260
54261
54262
54263
54264
54265
54266
54267
54268
54269
54270
543
54328
54330
54331
54332
54333
54335
54336
54337
54338
54339
54340
54341
54342
54343
54344
54345
54346
54347
54348
54349
54350
54351
54352
54353
54354
54355
54356
54357
54358
54359
54360
54361
54362
54363
54364
54365
54366
54367
54368
54369
54370
54372
54373
54374
54375
54376
54377
54379
54381
54382
54383
54384
54385
54386
54388
54389
54391
54392
54393
54395
54396
54397
54398
54399
544
54400
54401
54402
54403
54404
54405
54406
54407
54408
54414
54415
54416
54417
54421
54422
54423
54424
54425
54426
54427
54428
54429
54430
54431
54432
54433
54434
54435
54436
54437
54438
54439
54440
54441
54442
54443
54444
54445
54447
54449
54450
54453
54454
54455
54456
54457
54458
54459
54460
54461
54462
54463
54464
54465
54466
54467
54468
54469
54470
54471
54472
54473
54474
54475
54476
54477
54478
54479
54480
54481
54482
54483
54484
54485
54488
54490
54492
54493
54494
54495
54496
54497
54498
54499
545
54500
54501
54502
54503
54504
54505
54506
54507
54508
54509
54510
54511
54512
54513
54514
54515
54516
54517
54518
54519
54520
54521
54522
54523
54524
54525
54526
54527
54536
54540
54543
54545
54547
54556
54558
54559
54560
54561
54562
54563
54564
54565
54566
54567
54568
54569
54570
54571
54572
54573
54574
54575
54576
54577
54578
54579
54580
54581
54582
54583
54584
54585
54586
54587
54588
54589
54590
54591
54592
54593
54594
54595
54596
54597
54598
54599
546
54600
54601
54602
54603
54604
54605
54606
54607
54608
54609
54610
54611
54612
54613
54614
54615
54616
54617
54618
54619
54620
54621
54622
54623
54624
54625
54626
54627
54628
54629
54630
54631
54632
54633
54634
54635
54636
54637
54638
54639
54640
54641
54642
54643
54644
54645
54646
54647
54648
54649
54650
54651
54652
54653
54654
54655
54656
54657
54658
54659
54660
54661
54662
54663
54664
54665
54666
54667
54668
54669
54670
54671
54672
54673
54674
54675
54676
54677
54678
54679
54680
54681
54682
54683
54684
54685
54686
54687
54688
54689
54690
54691
54692
54693
54694
54695
54696
54697
54698
54699
547
54700
54701
54702
54703
54704
54705
54706
54707
54708
54709
54710
54711
54712
54713
54714
54715
54716
54717
54718
54719
54720
54721
54722
54723
54724
54725
54726
54727
54728
54729
54730
54731
54732
54733
54734
54735
54736
54737
54738
54739
54740
54741
54742
54743
54744
54745
54746
54747
54748
54749
54750
54751
54752
54753
54754
54755
54756
54757
54758
54759
54760
54761
54762
54763
54764
54765
54767
54768
54769
54770
54771
54772
54773
54774
54775
54776
54777
54778
54779
54780
54781
54782
54783
54784
54785
54786
54787
54788
54789
54790
54791
54792
54793
54794
54795
54796
54797
54798
54799
548
54800
54801
54802
54803
54804
54805
54806
54807
54808
54809
54810
54811
54812
54813
54814
54815
54816
54817
54818
54819
54820
54821
54822
54823
54824
54825
54826
54827
54828
54829
54830
54831
54832
54833
54834
54835
54836
54837
54838
54839
54840
54841
54846
54851
54853
54854
54855
54856
54857
54858
54859
54860
54861
54862
54866
54867
54868
54869
54870
54878
54887
54888
54892
549
54902
54903
54904
54905
54906
54907
54908
54910
54911
54912
54913
54914
54915
54916
54917
54918
54919
54920
54921
54922
54923
54924
54925
54926
54927
54928
54931
54932
54933
54934
54935
54936
54937
54938
54939
54940
54941
54942
54943
54944
54945
54946
54947
54948
54949
54950
54951
54952
54953
54954
54955
54956
54957
54958
54960
54961
54962
54963
54964
54965
54966
54967
54968
54969
54970
54971
54972
54973
54974
54975
54976
54977
54978
54979
54980
54981
54982
54983
54984
54985
54986
54987
54988
54989
54990
54991
54993
54994
54995
54996
54997
54998
54999
55
550
55000
55001
55002
55003
55004
55005
55006
55007
55008
55009
55010
55011
55012
55014
55015
55016
55017
55018
55019
55020
55021
55022
55023
55024
55025
55026
55027
55028
55029
55030
55031
55032
55033
55034
55035
55036
55037
55038
55039
55040
55041
55043
55044
55045
55046
55047
55048
55050
55052
55053
55055
55056
55057
55058
55059
55060
55061
55062
55063
55064
55069
55070
55071
55072
55073
55074
55075
55076
55077
55078
55079
55080
55081
55082
55083
55084
55085
55086
55087
55088
55089
55094
55095
55096
55097
55098
55099
551
55100
55103
55104
55105
55106
55107
55108
55109
55110
55111
55112
55113
55114
55115
55116
55117
55131
55132
55133
55134
55136
55137
55151
55152
55153
55154
55155
55156
55158
55159
55160
55162
55163
55165
55167
55168
55169
55171
55172
55173
55174
55175
55176
55177
55178
55179
55180
55181
55182
55183
55184
55185
55186
55187
55188
55189
55190
55191
55192
55193
55194
55195
55196
55197
55198
55199
552
55200
55201
55202
55203
55204
55205
55206
55207
55208
55209
55210
55211
55212
55213
55214
55215
55216
55217
55218
55219
55220
55221
55222
55223
55224
55225
55226
55227
55228
55232
55233
55239
55240
55242
55243
55244
55252
55253
55258
55259
55260
55261
55262
55263
55264
55265
55266
55267
55268
55269
55270
55271
55272
55273
55274
55276
55278
55279
55280
55281
55282
55283
55284
55285
55286
55287
55288
55289
55290
55291
55292
55293
553
55300
55301
55302
55304
55307
55316
55324
55325
55326
55329
55344
55345
55346
55348
55349
55350
55351
55352
55353
55354
55355
55356
55372
55376
55377
55378
55380
55384
55385
55390
55391
55392
55393
55394
554
55401
55414
55415
55416
55417
55418
55419
55420
55421
55422
55423
55424
55425
55426
55427
55428
55432
55441
55442
55443
55444
55445
55446
55447
55448
55449
55450
55451
55455
55458
55460
55463
55464
55465
55466
55467
55468
55469
55470
55471
55472
55473
55474
55475
55476
55477
55478
55479
55480
55481
55482
55483
55484
55485
55486
55487
55488
55489
55490
55491
55492
55493
55494
55495
55496
55497
55498
55499
555
55500
55501
55502
55503
55505
55506
55508
55509
55510
55511
55513
55514
55515
55516
55517
55518
55519
55520
55521
55522
55523
55524
55525
55526
55527
55528
55529
55530
55532
55533
55534
55535
55536
55537
55538
55539
55540
55541
55542
55543
55544
55545
55546
55547
55548
55549
55550
55551
55552
55553
55554
55555
55556
55557
55558
55559
55560
55561
55562
55563
55564
55565
55566
55567
55568
55569
55570
55571
55572
55573
55574
55575
55576
55577
55578
55579
55580
55581
55582
55583
55584
55585
55586
55587
55588
55589
55590
55591
55592
55593
55594
55595
55596
55597
55598
55599
556
55600
55601
55602
55603
55604
55605
55606
55607
55609
55610
55611
55612
55614
55615
55616
55617
55620
55622
55627
55628
55629
55630
55631
55632
55633
55634
55635
55647
55649
55650
55651
55652
55653
55654
55655
55656
55657
55659
55661
55662
55663
55664
55665
55666
55667
55669
55670
55671
55672
55673
55674
55675
55677
55678
55679
55680
55681
55682
55683
55684
55685
55686
55687
55688
55689
55690
55691
55692
55693
55694
55695
55696
55697
55698
55699
557
55700
55701
55702
55703
55705
55706
55707
55708
55709
55710
55711
55712
55713
55714
55715
55716
55717
55718
55719
55720
55721
55722
55730
55731
55732
55733
55734
55735
55736
55737
55738
55739
55740
55742
55744
55745
55747
55748
55749
55750
55751
55752
55753
55755
55756
55757
55758
55761
55762
55763
55766
55767
55768
55769
55770
55773
55774
55775
55776
55777
55778
55779
55780
55781
55782
55783
55784
55785
55789
55793
55796
55797
55798
558
55800
55801
55803
55804
55806
55807
55808
55832
55833
55835
55836
55837
55838
55839
55844
55847
55848
55849
55850
55853
55854
55855
55856
55857
55858
55861
55862
55863
55865
55867
55868
55869
55870
55871
55876
55880
55881
55882
55884
55889
55890
55891
55892
55893
55895
55896
55897
55898
559
55900
55902
55903
55904
55905
55906
55907
55908
55909
55910
55911
55913
55914
55915
55916
55917
55918
55919
55920
55921
55922
55923
55924
55926
55927
55928
55929
55930
55932
55933
55934
55936
55937
55947
55948
55949
55950
55951
55953
55954
55955
55956
55957
55958
55959
55960
55961
55962
55963
55964
55965
55966
55967
55968
55969
55970
55971
55972
55973
55974
55975
55976
55977
55978
55979
55980
55981
55982
55983
55985
55987
55988
55989
55990
55991
55992
55993
55994
55995
55996
55997
55998
55999
56
560
56000
56001
56002
56003
56004
56007
56008
56009
56010
56012
56014
56025
56027
56030
56031
56033
56034
56039
56040
56041
56042
56043
56044
56046
56052
56053
56054
56057
56058
56059
56060
56061
56063
56065
56066
56067
56068
56069
56070
56071
56072
56074
56076
56078
56081
56083
56085
56089
56091
56092
56093
56094
56096
56097
56098
56099
561
56100
56101
56102
56103
56104
56105
56110
56111
56112
56113
56114
56115
56116
56117
56118
56119
56120
56121
56122
56123
56124
56125
56126
56127
56128
56140
56141
56143
56144
56145
56146
56149
56151
56155
56160
56171
56172
56173
56182
562
56200
56201
56202
56203
56204
56205
56206
56207
56208
56209
56210
56211
56212
56213
56214
56215
56216
56217
56218
56219
56220
56221
56222
56223
56224
56225
56229
56230
56231
56232
56233
56234
56235
56236
56238
56239
56240
56242
56243
56244
56254
56255
56257
56258
56261
56262
56263
56264
56265
56266
56267
56268
56269
56270
56271
56272
56273
56274
56275
56276
56277
56278
56279
56280
56281
56282
56283
56284
56285
56286
56287
56288
56289
56290
56291
56293
56294
56295
56296
56297
56298
56299
563
56300
56301
56302
56303
56304
56305
56306
56307
56308
56309
56310
56311
56312
56313
56314
56315
56316
56317
56318
56319
56320
56321
56322
56323
56324
56329
56330
56331
56338
56343
56344
56345
56346
56347
56348
56349
56350
56351
56352
56357
56358
56359
56360
56361
56362
56363
56364
56365
56366
56367
56368
56371
56372
56373
56374
56376
56377
56378
56379
56381
56382
56383
56384
56386
56387
56388
56389
56390
56391
56392
56393
56394
56395
56396
56397
56398
56399
564
56400
56401
56402
56403
56404
56405
56406
56407
56409
56412
56415
56420
56453
56454
56455
56456
56457
56458
56459
56461
56462
56463
56464
56465
56466
56467
56468
56469
56491
56492
56493
56494
56495
56496
56497
56499
565
56501
56502
56503
56504
56505
56508
56509
56510
56511
56512
56513
56514
56515
56519
56521
56522
56523
56524
56525
56526
56528
56532
56533
56535
56536
56537
56539
56541
56542
56543
56544
56545
56546
56547
56548
56549
56550
56551
56552
56553
56554
56555
56556
56557
56559
56560
56561
56563
56564
56565
56567
56568
56569
56572
56573
56575
56576
56578
566
56600
56601
56602
56605
56606
56608
56614
56627
56628
56633
56634
56635
56636
56637
56638
56641
56642
56643
56644
56645
56646
56647
56648
56649
56650
56651
56654
56655
56658
56660
56661
56662
56663
56664
56665
56666
56667
56668
56669
56670
56671
56672
56673
56674
56675
56676
56677
56678
56679
56680
56681
56682
56683
56684
56686
56687
56688
56689
56690
56691
56692
56693
56694
56695
56696
56698
56699
567
56700
56701
56702
56703
56704
56705
56706
56707
56708
56709
56710
56711
56712
56713
56714
56715
56716
56717
56718
56719
56720
56721
56726
56727
56730
56731
56732
56733
56736
56737
56738
56739
56740
56741
56742
56743
56744
56745
56746
56747
56748
56750
56751
56752
56753
56754
56755
56756
56757
56758
56759
56760
56761
56762
56763
56764
56765
56766
56771
56772
56773
56774
56775
56776
56777
56778
56779
56785
56786
56787
56788
56789
56790
56791
56792
56793
56794
56795
56796
56797
56798
56799
568
56800
56801
56802
56803
56804
56805
56806
56807
56808
56809
56810
56811
56812
56813
56814
56815
56816
56817
56818
56819
56820
56821
56822
56823
56824
56825
56826
56827
56828
56829
56830
56831
56833
56834
56836
56837
56838
56839
56840
56841
56842
56843
56844
56846
56847
56848
56849
56857
56858
56859
56860
56861
56862
56863
56864
56865
56866
56867
56868
56869
56871
56872
56873
56874
56875
56877
56878
56879
56880
56884
56886
56888
56889
56891
56892
56895
56896
569
56900
56908
56910
56911
56914
56915
56916
56917
56918
56919
56920
56921
56923
56928
56930
56933
56934
56935
56936
56937
56938
56942
56943
56944
56945
56946
56949
56953
56954
56955
56961
56962
56964
56967
56968
56969
56971
56980
56981
56982
56983
56984
56985
56986
56989
56993
56996
56997
56998
56999
57
570
57000
57001
57002
57003
57004
57005
57006
57007
57008
57009
57020
57021
57022
57023
57024
57025
57026
57027
57028
57029
57030
57031
57032
57033
57034
57035
57036
57037
57038
57039
57040
57041
57042
57043
57044
57045
57046
57047
57048
57053
57057
57058
57059
57062
57067
57094
571
57105
57106
57107
57108
57109
57110
57117
57123
57128
57129
57130
57131
57132
57133
57134
57135
57136
57137
57138
57139
57140
57141
57142
57143
57147
57154
57155
57156
57157
57158
57163
57165
57172
57173
57179
57181
57182
57183
57184
57185
57186
57187
57188
57189
57190
57191
57192
57193
57194
57195
57196
57197
57198
57199
572
57200
57201
57202
57203
57204
57205
57206
57207
57208
57209
57210
57211
57212
57213
57214
57215
57216
57217
57218
57219
57220
57221
57225
57226
57227
57228
57229
57230
57231
57232
57233
57234
57235
57236
57240
57243
57247
57248
57249
57250
57254
57255
57257
57260
57261
57262
57263
57264
57265
57266
57267
57268
57269
57270
57271
57272
57273
57274
57275
57276
57277
57278
57279
57280
57281
57282
57285
57286
57288
57289
57291
57292
57293
57294
57295
57296
57297
573
57302
57303
57305
57306
57307
57308
57309
57310
57311
57312
57313
57315
57316
57318
57319
57320
57321
57322
57323
57324
57328
57332
57333
57335
57339
57340
57341
57342
57343
57346
57347
57349
57350
57351
57353
57354
57357
57360
57361
57362
57363
57369
57370
57371
57372
57374
57375
57392
57393
57396
574
57401
57403
57405
57409
57410
57411
57412
57414
57415
57416
57417
57418
57419
57420
57421
57422
57423
57424
57425
57426
57427
57428
57429
57430
57431
57432
57433
57434
57435
57436
57438
57440
57441
57442
57443
57444
57445
57446
57447
57448
57451
57452
57453
57454
57457
57458
57459
57460
57461
57462
57463
57464
57465
57466
57467
57468
57469
57470
57471
57472
57473
57474
57475
57476
57477
57478
57479
57480
57481
57484
57485
57486
57488
57489
57495
57496
57499
575
57501
57502
57504
57505
57506
57508
57509
57510
57511
57512
57513
57514
57515
57517
57518
57520
57521
57530
57542
57543
57544
57567
57574
57583
57587
57595
576
57601
57612
57621
57624
57625
57649
57650
57657
57670
57673
57689
577
57723
57727
57758
57784
57785
57786
57787
57788
578
57805
57806
57807
57808
57809
57810
57811
57812
57813
57814
57815
57816
57817
57818
57819
57820
57821
57822
57838
57839
57840
57841
57842
57843
57856
57857
57858
57859
57860
57861
57862
57863
57864
57865
57866
57867
57868
57869
57870
57871
57872
57874
57875
57876
57878
57880
57881
57883
57884
57885
57890
57898
57899
579
57901
57902
57903
57905
57907
57965
57966
57970
57971
57972
57974
57975
57976
57977
57978
57979
57980
57981
57982
57983
57984
57985
57986
57987
57988
57989
57990
57991
57997
57998
58
580
58004
58005
58006
58007
58008
58009
58010
58012
58013
58014
58019
58020
58021
58022
58023
58024
58029
58030
58033
58034
58037
58038
58039
58044
58045
58046
58047
58048
58049
58050
58051
58052
58053
58054
58055
58057
58058
58059
58060
58061
58064
58065
58067
58068
58069
58072
58073
58074
58075
58076
58077
58081
58082
58083
58084
58085
58086
58087
58088
58089
58090
58091
58092
58093
58094
58095
58096
58097
58098
58099
581
58100
58101
58102
58103
58105
58106
58107
58108
58109
58110
58111
58113
58114
58115
58116
58117
58118
58119
58120
58121
58122
58123
58125
58129
58130
58131
58132
58133
58135
58136
58137
58138
58139
58140
58141
58142
58143
58146
58147
58149
58154
58155
58156
58158
58160
58161
58162
58163
58165
58166
58168
58169
58170
58173
58174
58175
58178
58179
58184
58185
58186
58187
58188
58189
58190
58191
58192
58193
58194
58195
58196
58197
58199
582
58202
58203
58204
58209
58210
58211
58216
58230
58231
58232
58233
58234
58235
58239
58274
58275
58276
58277
58278
58286
58287
583
58305
58306
58307
58308
58310
58311
58312
58313
58314
58315
58324
58325
58326
58328
58329
58330
58331
58332
58336
58337
58399
584
58400
58401
58413
58421
58429
58431
58435
58443
58445
58447
58450
58454
58455
58459
58460
58462
58463
58464
58465
58486
58490
58491
58496
58497
58498
585
58500
58501
58502
58505
58506
58508
58535
58540
58544
58549
58550
58551
58552
58553
58554
58565
58566
58567
58568
58569
58570
58573
58575
58576
58577
58578
58579
58583
58590
58592
58593
58594
58598
58599
586
58600
58601
58603
58604
58607
58608
58611
58612
58613
58660
58663
58664
58665
58666
58678
58682
58683
58684
58686
58687
58688
58689
58690
58693
58699
587
58700
58701
58702
58703
58704
58705
58706
58707
58734
58735
58736
58737
58738
58739
58740
58741
58742
58743
58744
58745
58746
58747
58748
58749
58750
58751
58752
58753
58754
58793
58794
58798
58799
588
58800
58801
58802
58803
58804
58806
58807
58808
58810
58812
58813
58819
58820
58821
58822
58823
58824
58825
58826
58828
58829
58832
58844
58847
58848
58849
58851
58853
58854
58855
58856
58860
58862
58873
58874
58875
58876
58880
58881
58882
58883
58884
58885
589
58903
58904
58905
58911
58915
58916
58917
58919
58920
58921
58922
58924
58926
58927
58929
58930
58931
58932
58934
58935
58936
58937
58938
58939
58941
58943
58947
58948
58949
58950
58951
58952
58954
58955
58956
58957
58958
58959
58960
58961
58963
58967
59
590
59002
59003
59004
59005
59009
59015
59016
59017
59021
59022
59027
59029
59032
59033
59034
59036
59047
59048
59054
59055
59056
59057
59058
59060
59061
59064
59065
59071
59078
59079
59080
59082
591
59112
59113
59114
59115
59133
59134
59135
59136
59137
59145
59147
59150
59162
59166
59172
59173
59176
59177
59178
59189
59192
59193
59196
59197
59199
592
59201
59202
59205
59206
59207
59209
59211
59216
59226
59227
59231
59232
59235
59236
59265
593
59300
59309
59311
59312
59317
59318
59319
59321
59322
59323
59324
59325
59326
59327
59333
59334
59346
59354
59355
59356
59357
59364
59372
59373
59384
59386
59396
59397
59398
59399
594
59401
59404
59405
59406
59407
59408
59409
59413
59414
59415
59416
59417
59418
59420
59421
59422
59423
59425
59427
59428
59429
59430
59431
59432
59447
59448
59449
59465
59466
59467
59468
59469
59473
59477
59479
59480
59482
59483
59484
59487
59488
59489
59490
59493
59494
59497
59499
595
59504
59514
59516
59517
59518
59519
59520
59522
59532
59536
59537
59538
59540
59578
596
59605
59606
59607
59608
59634
59635
59636
59641
59684
59688
59689
597
59723
59742
59743
59749
59758
59759
598
59819
59824
59829
59848
59854
59867
59870
59871
59872
59873
59874
59875
59876
59877
59878
59879
59880
59883
59892
59898
599
59900
59902
59939
59942
59946
59948
59952
59965
59966
59978
59986
59989
59994
6
60
600
60001
60002
60004
60026
60066
60077
60081
60082
601
60167
60168
60169
60172
60178
602
60202
603
60318
604
60411
60412
60435
60484
60485
605
60544
60548
60551
60574
606
608
609
61
610
611
612
613
614
615
616
617
618
619
62
620
621
622
623
624
625
626
627
628
629
63
630
631
632
633
634
635
636
637
638
639
64
640
641
642
643
644
645
646
647
648
649
65
651
652
653
654
655
656
657
658
659
66
660
661
662
663
664
665
666
667
668
669
67
670
671
672
673
674
675
676
677
678
679
68
680
681
682
683
684
685
686
687
688
689
69
690
691
692
693
694
695
696
697
698
699
7
70
700
701
702
703
704
705
706
707
708
709
71
710
711
712
713
714
715
716
717
718
719
72
720
721
722
723
724
725
726
727
728
729
73
731
732
733
734
735
737
738
739
74
740
741
742
743
744
745
746
747
749
75
750
751
752
753
754
755
756
757
758
759
76
760
761
762
763
764
765
766
767
768
769
77
770
771
772
773
774
775
776
777
778
779
78
780
781
782
783
784
785
786
787
788
789
79
790
7907
7908
7909
791
7910
7911
7912
7913
7914
7915
7916
7917
7918
7919
792
7920
7921
7922
7923
7924
7925
7926
7927
7928
7929
793
7930
7931
7932
7933
7934
7935
7936
7937
7938
7939
794
7940
7941
795
796
797
798
799
8
80
800
801
802
803
804
805
807
808
809
81
811
812
813
814
815
816
817
818
819
82
820
821
822
823
824
825
826
827
828
829
83
830
831
832
833
834
835
836
837
838
839
84
840
841
842
843
844
845
846
847
848
849
85
850
851
852
853
854
855
856
857
858
859
86
860
861
862
863
864
865
866
867
868
869
87
870
871
872
873
874
875
876
877
878
879
88
880
881
882
883
884
885
886
887
888
889
89
890
891
892
894
895
896
897
898
899
9
90
900
901
902
903
904
905
906
907
908
909
91
910
911
912
913
914
915
916
917
918
919
92
920
921
922
923
924
925
926
927
928
929
93
930
931
932
933
934
935
936
937
938
939
94
940
941
942
943
944
945
946
947
948
949
95
958
959
96
960
961
962
963
964
965
966
967
968
97
970
971
972
973
974
975
976
977
978
979
98
980
981
982
983
984
985
986
987
988
989
99
990
991
992
993
994
995
996
997
998
999
